STATIONS_ID;MESS_DATUM;QN_3;  FX;  FM;QN_4; RSK;RSKF; SDK;SHK_TAG;  NM; VPM;  PM; TMK; UPM; TXK; TNK; TGK;eor
       5792;20161216;   10;  13.8;   6.3;    3;   0.0;   0;    8.450;  65;   1.0;   0.6;  714.30;   -3.4;   11.50;   -0.9;   -4.6;-999;eor
       5792;20161217;   10;   5.0;   2.0;    3;   0.0;   0;    7.933;  65;   5.7;   0.7;  718.97;   -5.2;   16.50;   -2.5;   -7.9;-999;eor
       5792;20161218;   10;  10.5;   4.2;    3;   3.8;   7;    3.450;  65;   7.3;   2.2;  714.58;   -8.7;   70.92;   -5.5;  -10.6;-999;eor
       5792;20161219;   10;  30.8;  14.4;    3;   0.0;   0;    6.867;  75;   4.3;   1.8;  708.39;  -10.3;   69.46;   -4.2;  -13.6;-999;eor
       5792;20161220;   10;  19.7;   8.1;    3;   0.0;   0;    7.283;  75;   2.0;   2.8;  711.40;   -3.0;   56.79;   -1.5;   -5.1;-999;eor
       5792;20161221;   10;   9.7;   4.5;    3;   0.0;   0;    8.417;  75;   2.0;   2.2;  715.53;   -2.4;   42.96;    1.4;   -4.5;-999;eor
       5792;20161222;   10;  11.5;   6.8;    3;   0.0;   7;    8.350;  75;   5.0;   2.5;  717.53;   -3.6;   54.71;   -0.9;   -7.1;-999;eor
       5792;20161223;   10;  19.0;   7.8;    3;   0.0;   0;    6.683;  73;   4.3;   3.3;  718.13;   -4.8;   77.38;   -1.4;   -7.6;-999;eor
       5792;20161224;   10;  28.4;  11.4;    3;   5.1;   7;    1.017;  70;   7.3;   2.5;  715.00;   -6.5;   68.25;   -3.4;  -10.1;-999;eor
       5792;20161225;   10;  25.9;  10.4;    3;   0.9;   7;    0.000;  70;   8.0;   3.9;  714.88;   -5.9;   96.13;   -2.3;  -10.7;-999;eor
       5792;20161226;   10;  23.7;   8.3;    3;   7.2;   7;    0.583;  70;   7.3;   4.4;  717.14;   -4.1;   97.00;   -2.3;   -8.5;-999;eor
       5792;20161227;   10;  18.5;   9.2;    3;   1.3;   7;    6.333;  75;   4.3;   1.8;  716.46;  -13.6;   80.63;   -8.5;  -15.7;-999;eor
       5792;20161228;   10;  22.4;   7.3;    3;   0.0;   0;    6.950;  76;   6.7;   1.5;  719.52;  -10.3;   55.17;   -6.8;  -13.1;-999;eor
       5792;20161229;   10;  23.9;   5.8;    3;   0.0;   0;    8.483;  70;   0.3;   1.1;  718.66;   -7.0;   29.50;   -4.1;   -8.8;-999;eor
       5792;20161230;   10;  11.2;   4.8;    3;   0.0;   0;    8.467;  70;   0.0;   1.6;  719.05;   -5.1;   37.92;   -3.3;   -6.2;-999;eor
       5792;20161231;   10;   9.1;   2.9;    3;   0.0;   0;    8.483;  70;   0.3;   1.0;  716.50;   -4.9;   22.71;   -3.3;   -6.1;-999;eor
       5792;20170101;   10;  16.2;   8.8;    3;   0.0;   0;    8.517;  70;   0.0;   1.1;  709.09;   -6.4;   29.13;   -4.4;   -8.0;-999;eor
       5792;20170102;   10;  23.3;   8.4;    3;   3.3;   7;    6.400;  70;   4.7;   1.4;  703.81;  -11.4;   58.38;   -7.2;  -16.8;-999;eor
       5792;20170103;   10;  18.2;   5.8;    3;   0.7;   7;    8.567;  80;   2.3;   1.1;  703.66;  -15.9;   61.54;   -9.4;  -19.6;-999;eor
       5792;20170104;   10;-999;-999;    3;  48.3;   7;    0.000;  80;   8.0;   1.9;  698.23;  -13.6;   87.33;   -7.5;  -18.0;-999;eor
       5792;20170105;   10;-999;-999;    3;  16.9;   7;    0.033; 180;   8.0;   0.9;  698.38;  -21.9;   86.92;  -17.5;  -24.7;-999;eor
       5792;20170106;   10;  15.3;   6.1;    3;   0.0;   0;    8.600; 195;   0.3;   0.5;  704.13;  -24.0;   56.21;  -19.6;  -27.2;-999;eor
       5792;20170107;   10;  20.2;  10.0;    3;  19.1;   7;    0.217; 180;   7.7;   1.1;  706.19;  -16.8;   60.67;  -11.5;  -19.7;-999;eor
       5792;20170108;   10;  18.1;   7.8;    3;  10.3;   7;    0.000; 185;   8.0;   1.8;  705.68;  -14.7;   88.83;  -11.8;  -17.5;-999;eor
       5792;20170109;   10;  17.1;   6.9;    3;   0.0;   0;    8.317; 180;   2.3;   0.6;  704.88;  -11.2;   24.92;   -9.7;  -12.9;-999;eor
       5792;20170110;   10;  13.6;   5.4;    3;   3.6;   7;    8.167; 170;   6.0;   1.2;  695.97;  -12.8;   54.63;   -9.2;  -14.5;-999;eor
       5792;20170111;   10;  30.6;  10.7;    3;   8.1;   7;    3.450; 167;   6.3;   1.9;  696.75;  -13.2;   86.21;   -9.3;  -15.6;-999;eor
       5792;20170112;   10;  39.8;  15.6;    3;   4.9;   7;    0.000; 155;   8.0;   2.7;  698.18;   -9.6;   91.17;   -6.3;  -11.3;-999;eor
       5792;20170113;   10;  36.2;-999;    3;  17.5;   7;    0.000; 160;   8.0;   1.6;  688.05;  -16.4;   88.79;   -7.4;  -20.3;-999;eor
       5792;20170114;   10;  19.0;   6.7;    3;  32.5;   7;    0.000; 190;   8.0;   1.3;  692.47;  -18.4;   88.21;  -16.7;  -20.3;-999;eor
       5792;20170115;   10;  15.8;   5.9;    3;   4.8;   7;    0.117; 275;   7.7;   1.0;  696.58;  -20.6;   83.42;  -19.9;  -21.5;-999;eor
       5792;20170116;   10;  16.9;   2.6;    3;  12.0;   7;    1.500; 270;   7.7;   0.9;  696.44;  -22.1;   85.46;  -21.1;  -22.9;-999;eor
       5792;20170117;   10;  28.0;  10.3;    3;   0.1;   7;    6.800; 270;   3.7;   1.0;  700.36;  -20.5;   82.79;  -15.6;  -23.0;-999;eor
       5792;20170118;   10;  31.1;  12.1;    3;   0.0;   0;    8.967; 260;   0.3;   1.4;  705.57;  -14.7;   73.75;  -13.0;  -16.3;-999;eor
       5792;20170119;   10;  15.5;   8.6;    3;   0.0;   0;    9.050; 240;   0.3;   1.4;  709.18;  -11.9;   57.88;   -9.5;  -13.6;-999;eor
       5792;20170120;   10;  19.0;   9.4;    3;   0.0;   0;    9.083; 235;   0.3;   0.8;  710.37;   -9.5;   25.88;   -8.0;  -11.7;-999;eor
       5792;20170121;   10;  13.0;   6.6;    3;   0.0;   0;    9.150; 225;   0.0;   0.6;  710.59;   -8.0;   17.13;   -4.6;  -10.2;-999;eor
       5792;20170122;   10;  14.6;   7.1;    3;   0.0;   0;    9.067; 215;   0.3;   0.4;  709.22;   -6.0;   11.46;   -3.9;   -7.8;-999;eor
       5792;20170123;   10;   7.6;   3.5;    3;   0.0;   0;    9.167; 215;   1.0;   0.4;  706.52;   -7.1;   10.67;   -5.3;   -8.7;-999;eor
       5792;20170124;   10;  21.4;   5.5;    3;   0.0;   0;    9.100; 210;   2.3;   0.6;  704.41;   -9.0;   20.83;   -7.1;  -10.9;-999;eor
       5792;20170125;   10;  20.8;  10.0;    3;   0.0;   0;    9.250; 210;   0.3;   1.2;  707.13;   -7.3;   34.13;   -5.5;   -8.8;-999;eor
       5792;20170126;   10;  13.4;   5.3;    3;   0.0;   0;    9.333; 210;   0.0;   0.6;  708.33;   -4.8;   14.58;   -0.7;   -6.2;-999;eor
       5792;20170127;   10;  17.1;   6.8;    3;   0.0;   0;    9.133; 210;   2.0;   0.7;  708.72;   -5.1;   16.67;   -2.7;   -7.3;-999;eor
       5792;20170128;   10;  13.9;   6.4;    3;   0.0;   0;    9.117; 205;   4.0;   1.3;  707.33;   -6.7;   35.96;   -4.8;   -8.3;-999;eor
       5792;20170129;   10;  14.4;   5.9;    3;   0.0;   0;    9.433; 205;   1.7;   1.9;  708.20;   -7.2;   52.54;   -4.3;   -9.3;-999;eor
       5792;20170130;   10;  29.2;  11.3;    3;  10.4;   7;    1.200; 205;   6.7;   2.8;  705.29;   -7.4;   77.79;   -5.4;   -9.6;-999;eor
       5792;20170131;   10;  28.9;  10.9;    3;  29.8;   7;    0.000; 220;   8.0;   3.6;  703.44;   -6.5;   95.17;   -5.8;   -7.7;-999;eor
       5792;20170201;   10;  22.0;   9.7;    3;   2.6;   7;    0.200; 235;   8.0;   3.5;  705.05;   -6.6;   94.38;   -5.2;   -8.0;-999;eor
       5792;20170202;   10;  34.1;  12.8;    3;   0.0;   0;    5.767; 235;   6.3;   3.1;  704.61;   -6.5;   83.04;   -5.3;   -7.3;-999;eor
       5792;20170203;   10;  34.7;  11.3;    3;   0.8;   7;    2.383; 205;   6.7;   3.1;  700.01;   -7.1;   86.63;   -5.6;   -9.3;-999;eor
       5792;20170204;   10;  28.2;  10.2;    3;   4.3;   7;    3.933; 205;   6.7;   2.4;  695.48;   -9.5;   82.21;   -6.9;  -12.3;-999;eor
       5792;20170205;   10;  25.2;   9.7;    3;   5.3;   7;    2.067; 210;   5.3;   2.2;  694.37;   -9.5;   72.75;   -6.2;  -14.1;-999;eor
       5792;20170206;   10;  15.8;   5.6;    3;   4.0;   7;    0.050; 210;   7.3;   2.1;  698.45;  -11.1;   79.79;   -7.8;  -13.4;-999;eor
       5792;20170207;   10;  14.3;   5.3;    3;   1.7;   7;    8.400; 205;   5.3;   1.8;  701.28;  -11.6;   71.17;  -10.6;  -12.9;-999;eor
       5792;20170208;   10;  12.5;   3.6;    3;   0.0;   7;    0.450; 200;   7.3;   2.4;  702.55;  -10.8;   90.42;   -9.2;  -12.3;-999;eor
       5792;20170209;   10;  13.3;   6.2;    3;   0.0;   0;    9.550; 200;   4.0;   1.9;  703.72;   -9.5;   65.29;   -4.5;  -13.6;-999;eor
       5792;20170210;   10;  18.0;   8.0;    3;   0.0;   7;    9.283; 200;   5.0;   2.1;  703.53;   -8.9;   69.50;   -6.2;   -9.9;-999;eor
       5792;20170211;   10;  15.9;   8.8;    3;   0.0;   0;    9.417; 200;   4.3;  -999;  705.18;   -8.9;-999;   -6.9;  -11.1;-999;eor
       5792;20170212;   10;  18.0;   7.9;    3;   0.0;   0;    8.433; 200;   7.0;   1.9;  710.07;   -6.4;   49.71;   -4.5;   -8.9;-999;eor
       5792;20170213;   10;  14.4;   6.6;    3;   0.0;   0;    9.817; 200;   0.7;   1.8;  711.42;   -4.7;   41.04;   -2.0;   -6.1;-999;eor
       5792;20170214;   10;  13.0;   4.4;    3;   0.0;   0;   10.250; 200;   0.0;   0.9;  716.05;   -2.5;   18.00;   -0.4;   -4.5;-999;eor
       5792;20170215;   10;  11.8;   4.2;    3;   0.0;   0;   10.300; 200;   0.0;   1.5;  720.03;   -1.7;   27.13;    3.3;   -4.8;-999;eor
       5792;20170216;   10;   9.8;   3.8;    3;   0.8;   7;   10.100; 200;   1.3;   2.0;  716.61;   -5.5;   51.21;   -1.9;   -9.1;-999;eor
       5792;20170217;   10;  20.6;   7.3;    3;  25.9;   7;    0.000; 197;   8.0;   2.6;  709.32;  -10.4;   91.58;   -8.0;  -14.6;-999;eor
       5792;20170218;   10;  10.3;   4.2;    3;   0.3;   7;    8.733; 215;   3.0;   1.7;  708.15;  -11.4;   67.67;   -9.1;  -12.8;-999;eor
       5792;20170219;   10;  16.9;   7.3;    3;   4.1;   7;    8.867; 215;   2.7;   1.3;  708.02;  -10.1;   47.17;   -7.2;  -12.4;-999;eor
       5792;20170220;   10;  17.0;   7.8;    3;   6.6;   7;    2.617; 215;   7.0;   2.3;  707.12;  -10.1;   81.75;   -4.3;  -12.5;-999;eor
       5792;20170221;   10;-999;-999;    3;  13.2;   7;    0.000; 220;   8.0;   4.1;    -999;   -5.2;   97.88;   -4.9;   -5.7;-999;eor
       5792;20170222;   10;-999;-999;    3;   0.0;   7;    5.300; 235;  -999;   3.4;  705.56;   -6.3;   88.29;   -5.6;   -6.8;-999;eor
       5792;20170223;   10;  34.8;  16.2;    3;   2.9;   7;    8.733; 230;   5.7;   2.3;  701.46;   -4.8;   55.42;   -1.9;   -7.1;-999;eor
       5792;20170224;   10;  33.0;   8.3;    3;  11.1;   7;    0.500; 232;   8.0;   2.2;  698.10;  -12.2;   88.63;   -5.9;  -15.5;-999;eor
       5792;20170225;   10;  11.0;   4.1;    3;   0.0;   0;   10.500; 240;   3.3;   1.6;  705.52;   -9.4;   52.38;   -0.7;  -16.8;-999;eor
       5792;20170226;   10;  16.8;   8.6;    3;   0.0;   7;    2.000; 240;   6.7;   2.9;  707.77;   -3.6;   62.33;   -1.0;   -5.1;-999;eor
       5792;20170227;   10;  27.2;  10.5;    3;   0.0;   7;    7.133; 235;   4.7;   2.8;  701.62;   -4.6;   63.42;   -3.2;   -8.9;-999;eor
       5792;20170228;   10;  37.6;  10.3;    3;  11.8;   7;    0.000; 235;   7.7;   2.6;  691.54;   -9.4;   86.50;   -7.4;  -13.7;-999;eor
       5792;20170301;   10;  34.7;  15.2;    3;   5.8;   7;    1.967; 240;   7.7;   2.2;  695.47;  -12.3;   88.50;   -6.4;  -15.7;-999;eor
       5792;20170302;   10;  33.1;  14.3;    3;   3.9;   7;    2.000; 240;   6.7;   2.5;  702.13;   -9.8;   81.38;   -6.4;  -14.3;-999;eor
       5792;20170303;   10;  33.7;  11.6;    3;   0.0;   0;    8.383; 245;   7.3;   1.9;  703.20;   -6.7;   48.58;   -4.4;  -10.8;-999;eor
       5792;20170304;   10;  48.4;  17.9;    3;   3.7;   7;    9.133; 240;   6.0;   2.9;  694.06;   -6.9;   80.71;   -3.8;  -10.2;-999;eor
       5792;20170305;   10;  30.1;  10.2;    3;   8.6;   7;    4.483; 240;   7.3;   2.4;  694.71;  -11.1;   89.54;   -9.7;  -12.6;-999;eor
       5792;20170306;   10;  28.0;  12.0;    3;  28.0;   7;    3.717; 240;   7.3;   2.1;  692.90;  -12.3;   87.21;  -10.0;  -14.2;-999;eor
       5792;20170307;   10;  18.7;   7.1;    3;  20.0;   7;    0.000; 275;   8.0;   2.0;  698.65;  -13.4;   91.29;  -12.6;  -13.9;-999;eor
       5792;20170308;   10;  26.3;   9.1;    3;  33.5;   7;    6.050; 310;   7.0;   2.3;  706.53;  -10.5;   78.50;   -5.2;  -15.0;-999;eor
       5792;20170309;   10;  24.9;  11.9;    3;  67.7;   7;    0.000; 355;   8.0;   3.8;  708.00;   -5.8;   95.17;   -5.0;   -8.2;-999;eor
       5792;20170310;   10;  24.1;   9.0;    3;   1.6;   7;    0.933; 410;   8.0;   2.3;  708.20;  -11.7;   89.17;   -7.6;  -14.9;-999;eor
       5792;20170311;   10;  13.0;   5.3;    3;   0.0;   0;    9.217; 390;   3.3;   1.3;  708.57;   -9.4;   42.29;   -7.3;  -13.4;-999;eor
       5792;20170312;   10;  13.2;   7.2;    3;   0.0;   0;   11.450; 330;   2.3;   1.6;  704.44;   -8.2;   46.67;   -7.0;  -10.3;-999;eor
       5792;20170313;   10;  13.9;   6.7;    3;   0.0;   0;   10.583; 325;   4.3;   1.4;  709.22;   -8.6;   42.13;   -5.6;  -10.2;-999;eor
       5792;20170314;   10;  16.5;   7.8;    3;   0.0;   0;    8.067; 320;   5.0;   2.1;  715.56;   -8.2;   64.67;   -4.9;  -11.4;-999;eor
       5792;20170315;   10;  14.3;   5.8;    3;   0.0;   7;    8.583; 320;   6.0;   2.3;  716.70;   -5.5;   56.96;   -3.9;   -7.6;-999;eor
       5792;20170316;   10;  12.4;   5.5;    3;   0.0;   0;   10.383; 305;   1.7;   2.1;  713.62;   -4.4;   47.58;   -1.2;   -6.2;-999;eor
       5792;20170317;   10;  25.9;  10.6;    3;   0.7;   7;    5.183; 305;   6.3;   3.7;  708.64;   -4.5;   84.79;   -3.0;   -6.5;-999;eor
       5792;20170318;   10;  35.1;  16.3;    3;  38.5;   7;    0.000; 306;   8.0;   3.7;  702.71;   -5.9;   93.96;   -4.3;   -7.6;-999;eor
       5792;20170319;   10;  29.3;  10.8;    3;   1.3;   7;    1.583; 345;   7.7;   4.2;  705.45;   -4.4;   96.13;   -3.3;   -5.5;-999;eor
       5792;20170320;   10;  21.7;  12.4;    3;   0.0;   0;   11.350; 330;   6.0;   4.0;  705.86;   -3.4;   85.21;   -1.2;   -5.2;-999;eor
       5792;20170321;   10;  17.7;   7.4;    3;   4.6;   7;    6.983; 325;   7.0;   4.1;  703.67;   -3.1;   84.67;   -0.3;   -5.0;-999;eor
       5792;20170322;   10;  16.6;   6.3;    3;   2.0;   7;    1.033; 325;   7.7;   4.0;  702.27;   -4.9;   94.08;   -2.8;   -6.5;-999;eor
       5792;20170323;   10;  22.4;   8.4;    3;   0.0;   0;    8.033; 325;   6.0;   3.7;  705.88;   -5.3;   90.00;   -3.3;   -6.4;-999;eor
       5792;20170324;   10;  19.7;   7.4;    3;   0.0;   0;    2.467; 320;   7.0;   3.4;  712.91;   -2.9;   67.83;   -1.0;   -5.3;-999;eor
       5792;20170325;   10;  15.7;   6.4;    3;   0.0;   0;   12.167; 320;   2.7;   3.7;  712.41;   -1.8;   68.38;    0.6;   -4.0;-999;eor
       5792;20170326;   10;  17.0;   5.6;    3;   0.0;   0;    9.617; 315;   3.7;   2.9;  708.64;   -5.3;   69.50;   -3.3;   -8.4;-999;eor
       5792;20170327;   10;  16.0;   5.4;    3;   0.0;   0;   12.650; 310;   1.0;   1.3;  712.18;   -1.9;   23.83;    1.9;   -5.5;-999;eor
       5792;20170328;   10;   8.9;   3.1;    3;   0.0;   0;   12.283; 310;   2.7;   3.3;  714.18;   -2.0;   63.17;    0.7;   -6.1;-999;eor
       5792;20170329;   10;   9.4;   3.7;    3;   0.0;   0;    4.383; 305;   7.7;   4.0;  716.00;   -4.4;   90.29;   -1.4;   -7.1;-999;eor
       5792;20170330;   10;  12.7;   5.6;    3;   0.0;   0;   12.183; 300;   5.7;   3.3;  716.78;   -1.7;   61.00;    2.5;   -6.7;-999;eor
       5792;20170331;   10;  14.1;   5.2;    3;   0.0;   0;   11.583; 300;   4.0;   2.9;  713.56;    0.6;   45.54;    3.9;   -2.4;-999;eor
       5792;20170401;   10;  14.0;   6.5;    3;   0.0;   7;    7.050; 300;   5.3;   3.3;  707.18;   -2.8;   67.13;   -1.3;   -6.0;-999;eor
       5792;20170402;   10;  10.5;   5.4;    3;   0.2;   7;    7.417; 300;   6.0;   3.5;  708.77;   -4.2;   76.75;   -1.7;   -7.1;-999;eor
       5792;20170403;   10;   8.3;   2.5;    3;  11.3;   7;    0.617; 300;   8.0;   4.2;  711.90;   -4.1;   93.96;   -1.5;   -5.4;-999;eor
       5792;20170404;   10;  13.3;   4.1;    3;   5.3;   7;    0.400; 310;   7.7;   3.2;  709.17;   -7.7;   93.88;   -5.0;  -10.4;-999;eor
       5792;20170405;   10;  13.8;   4.9;    3;   7.5;   7;    6.950; 310;   6.0;   3.3;  708.43;   -7.2;   91.00;   -1.9;   -9.8;-999;eor
       5792;20170406;   10;  15.0;   6.3;    3;   0.1;   7;    6.217; 315;   6.7;   2.2;  708.16;   -8.9;   69.63;   -7.2;  -12.0;-999;eor
       5792;20170407;   10;  14.5;   6.4;    3;   0.6;   7;    0.117; 310;   8.0;   3.5;  710.55;   -6.0;   89.67;   -5.1;   -9.1;-999;eor
       5792;20170408;   10;  10.8;   5.0;    3;   0.0;   0;   13.183; 305;   1.3;   3.4;  713.72;   -3.1;   70.83;    1.8;   -8.8;-999;eor
       5792;20170409;   10;  13.2;   5.0;    3;   0.0;   0;   11.483; 300;   1.3;   3.3;  715.93;   -1.6;   60.00;    1.7;   -3.2;-999;eor
       5792;20170410;   10;  15.2;   6.3;    3;   3.3;   7;    6.133; 290;   5.3;   4.3;  713.54;   -2.2;   82.29;   -0.1;   -3.8;-999;eor
       5792;20170411;   10;  17.5;   7.0;    3;   0.8;   7;    2.683; 293;   8.0;   3.7;  710.47;   -6.0;   94.96;   -3.2;  -10.6;-999;eor
       5792;20170412;   10;  21.5;   7.8;    3;   0.0;   0;   11.483; 293;   7.0;   3.2;  709.67;   -5.2;   75.46;   -2.0;   -9.3;-999;eor
       5792;20170413;   10;  25.1;  10.2;    3;   1.0;   7;    0.467; 290;   7.7;   3.8;  705.89;   -5.6;   94.88;   -4.5;   -6.7;-999;eor
       5792;20170414;   10;  20.7;   9.2;    3;   0.0;   0;    7.233; 290;   6.0;   3.9;  706.28;   -5.1;   93.83;   -3.1;   -6.9;-999;eor
       5792;20170415;   10;  18.6;   8.2;    3;  24.2;   7;    0.050; 290;   8.0;   3.6;  706.24;   -6.2;   94.67;   -5.2;   -7.3;-999;eor
       5792;20170416;   10;  21.4;   8.2;    3;  37.8;   7;    0.000; 310;   8.0;   2.8;  704.93;   -9.4;   92.92;   -7.2;  -11.6;-999;eor
       5792;20170417;   10;  25.6;   9.2;    3;  28.0;   7;    0.017; 345;   8.0;   2.5;  702.54;  -10.8;   92.42;   -9.2;  -13.5;-999;eor
       5792;20170418;   10;  18.5;   6.0;    3;  37.1;   7;    0.000; 365;   8.0;   1.6;  701.17;  -15.6;   89.04;  -13.5;  -16.8;-999;eor
       5792;20170419;   10;  12.3;   3.4;    3;  30.6;   7;    0.083; 430;   8.0;   1.4;  704.74;  -16.8;   85.81;  -15.7;  -18.4;-999;eor
       5792;20170420;   10;  15.7;   5.5;    3;   0.2;   7;    7.883; 490;   4.0;   1.0;  708.49;  -17.1;   64.88;  -15.5;  -18.9;-999;eor
       5792;20170421;   10;  14.9;   6.2;    3;   0.0;   7;    8.183; 450;   3.3;   1.9;  711.74;  -10.8;   64.67;   -7.4;  -15.8;-999;eor
       5792;20170422;   10;  18.9;   9.0;    3;  12.3;   7;    7.333; 430;   5.3;   2.9;  709.09;   -8.6;   90.92;   -7.0;  -10.2;-999;eor
       5792;20170423;   10;  19.8;   9.0;    3;   1.6;   7;    7.283; 420;   6.0;   2.4;  706.70;  -10.3;   84.71;   -8.3;  -12.0;-999;eor
       5792;20170424;   10;  25.1;  11.5;    3;   0.0;   0;   13.200; 380;   2.7;   2.9;  706.58;   -5.2;   68.29;   -2.9;   -8.9;-999;eor
       5792;20170425;   10;  28.5;  11.6;    3;   0.6;   7;    2.967; 380;   7.3;   4.0;  701.48;   -4.1;   87.79;   -2.6;   -5.4;-999;eor
       5792;20170426;   10;  24.4;   8.6;    3;  10.7;   7;    0.000; 380;   8.0;   3.8;  698.77;   -5.6;   93.00;   -1.5;   -8.2;-999;eor
       5792;20170427;   10;  11.9;   5.4;    3;   7.2;   7;    1.900; 380;   7.7;   2.8;  698.84;   -8.8;   89.71;   -5.6;  -11.4;-999;eor
       5792;20170428;   10;  11.9;   5.5;    3;  17.0;   7;    0.000; 385;   8.0;   2.1;  698.00;  -12.4;   90.21;  -11.2;  -13.4;-999;eor
       5792;20170429;   10;  10.6;   4.6;    3;   0.0;   0;   14.350; 415;   0.7;   1.3;  703.85;   -9.7;   51.71;   -2.2;  -14.4;-999;eor
       5792;20170430;   10;  23.9;   7.1;    3;   0.0;   0;   14.200; 390;   1.7;   1.4;  703.96;   -2.9;   27.96;    0.8;   -5.0;-999;eor
       5792;20170501;   10;  21.9;   7.3;    3;  26.8;   7;    4.383; 380;   7.3;   2.9;  701.84;   -6.2;   76.42;   -0.7;  -10.5;-999;eor
       5792;20170502;   10;  20.5;   9.0;    3;   0.8;   7;    7.350; 390;   6.3;   2.9;  704.38;   -8.3;   88.04;   -4.8;  -10.7;-999;eor
       5792;20170503;   10;  11.4;   5.2;    3;   4.1;   7;    1.917; 380;   7.3;   3.7;  706.31;   -5.7;   91.25;   -3.4;   -7.2;-999;eor
       5792;20170504;   10;  13.4;   4.2;    3;  13.9;   7;    4.017; 385;   7.7;   3.4;  704.82;   -6.3;   88.92;   -3.2;   -8.0;-999;eor
       5792;20170505;   10;  16.5;   5.9;    3;   0.0;   7;    4.050; 395;   6.0;   3.5;  707.40;   -5.4;   85.79;   -3.0;   -7.7;-999;eor
       5792;20170506;   10;  17.3;   8.0;    3;  10.0;   7;    5.933; 390;   6.7;   3.5;  705.70;   -2.0;   66.67;    0.8;   -4.9;-999;eor
       5792;20170507;   10;  17.1;   8.1;    3;  12.9;   7;    0.000; 390;   8.0;   4.1;  705.71;   -4.8;   96.54;   -4.5;   -5.2;-999;eor
       5792;20170508;   10;  16.6;   6.7;    3;  20.8;   7;    0.000; 395;   8.0;   3.8;  705.64;   -5.6;   95.46;   -4.5;   -7.3;-999;eor
       5792;20170509;   10;  12.7;   4.9;    3;   0.6;   7;    1.233; 410;   7.7;   2.9;  703.63;   -8.6;   88.96;   -7.2;  -10.3;-999;eor
       5792;20170510;   10;  22.2;   8.7;    3;   0.0;   0;   14.633; 410;   1.3;   2.8;  702.82;   -4.6;   61.88;   -1.2;   -9.7;-999;eor
       5792;20170511;   10;  36.7;  11.0;    3;   1.3;   7;    8.967; 410;   5.3;   4.2;  701.11;   -2.3;   81.29;    0.1;   -4.2;-999;eor
       5792;20170512;   10;  26.9;   6.2;    3;   9.3;   7;    3.100; 400;   7.7;   5.1;  702.50;   -2.0;   96.92;   -0.2;   -3.2;-999;eor
       5792;20170513;   10;  10.7;   3.6;    3;   7.2;   7;    4.800; 395;   7.3;   5.1;  708.65;   -1.8;   96.13;   -0.1;   -3.6;-999;eor
       5792;20170514;   10;  11.2;   4.5;    3;   8.9;   7;    3.133; 395;   7.3;   5.4;  714.65;   -1.7;   98.96;   -0.1;   -2.8;-999;eor
       5792;20170515;   10;  11.5;   4.1;    3;   3.5;   7;    1.233; 395;   7.7;   5.0;  718.88;   -2.4;   97.92;   -0.1;   -4.4;-999;eor
       5792;20170516;   10;   7.7;   4.1;    3;   0.0;   0;   14.833; 395;   4.3;   3.1;  720.51;    0.3;   49.25;    6.4;   -5.8;-999;eor
       5792;20170517;   10;   8.6;   3.1;    3;   0.0;   0;   14.483; 385;   1.3;   5.2;  717.83;    4.7;   59.92;    7.7;    2.4;-999;eor
       5792;20170518;   10;  17.6;   6.3;    3;   0.0;   0;    6.383; 375;   5.7;   6.7;  713.00;    3.3;   85.71;    4.6;    1.7;-999;eor
       5792;20170519;   10;  18.2;   9.4;    3;   2.0;   7;    1.517; 375;   7.3;   5.7;  708.50;    0.3;   90.63;    2.8;   -4.9;-999;eor
       5792;20170520;   10;  10.6;   2.9;    3;   8.7;   8;    0.167; 370;   7.7;   3.7;  711.17;   -5.4;   89.17;   -2.5;   -8.8;-999;eor
       5792;20170521;   10;  15.5;   6.7;    3;   0.0;   7;    9.733; 370;   5.3;   4.7;  714.52;   -2.4;   90.46;    1.6;   -6.0;-999;eor
       5792;20170522;   10;  18.5;   5.7;    3;   0.0;   0;    9.750; 360;   4.0;   5.3;  713.76;    1.0;   81.00;    4.5;   -0.8;-999;eor
       5792;20170523;   10;  17.2;   7.0;    3;   2.2;   7;    2.000; 350;   7.0;   6.0;  714.86;    0.1;   96.54;    1.3;   -1.1;-999;eor
       5792;20170524;   10;  18.3;   7.7;    3;   9.2;   8;    0.033; 345;   8.0;   5.9;  715.17;   -0.4;   99.71;    0.9;   -2.3;-999;eor
       5792;20170525;   10;  14.3;   5.2;    3;   0.0;   0;    1.567; 345;   7.7;   5.0;  713.90;   -2.3;   96.79;   -0.4;   -4.3;-999;eor
       5792;20170526;   10;  11.7;   3.5;    3;   0.0;   0;   15.583; 340;   1.0;   3.9;  715.27;    1.6;   56.88;    6.7;   -4.1;-999;eor
       5792;20170527;   10;  11.3;   4.1;    3;   0.0;   0;   15.533; 335;   0.7;   4.7;  717.75;    4.3;   56.38;    6.6;    2.9;-999;eor
       5792;20170528;   10;  11.2;   4.4;    3;   0.0;   0;   15.017; 330;   2.0;   5.3;  719.08;    5.3;   58.04;    7.7;    3.4;-999;eor
       5792;20170529;   10;   7.0;   3.2;    3;   0.0;   0;   12.417; 320;   2.3;   6.7;  717.00;    6.0;   71.67;    9.0;    4.0;-999;eor
       5792;20170530;   10;   9.5;   3.6;    3;  14.1;   8;    8.817; 315;   4.7;   7.5;  716.11;    5.3;   84.17;    8.9;    2.7;-999;eor
       5792;20170531;   10;   8.7;   3.0;    3;   0.0;   6;    5.383; 310;   6.7;   7.5;  717.61;    4.7;   87.54;    8.0;    1.9;-999;eor
       5792;20170601;   10;   8.8;   3.0;    3;  16.3;   8;    1.150; 305;   7.7;   7.3;  717.29;    3.6;   91.50;    6.8;    1.6;-999;eor
       5792;20170602;   10;   7.1;   2.6;    3;   0.8;   8;    2.850; 305;   7.0;   6.4;  715.68;    2.7;   86.50;    6.1;    1.7;-999;eor
       5792;20170603;   10;  22.0;   4.4;    3;   2.1;   8;    9.233; 300;   5.0;   7.3;  713.76;    4.3;   87.71;    7.1;    1.8;-999;eor
       5792;20170604;   10;  19.4;   6.1;    3;  11.3;   8;    1.733; 295;   6.7;   6.4;  711.27;    0.8;   98.88;    3.4;   -0.6;-999;eor
       5792;20170605;   10;  17.6;   7.6;    3;   6.2;   8;    2.050; 290;   8.0;   6.5;  709.91;    1.4;   96.21;    3.8;   -0.6;-999;eor
       5792;20170606;   10;  27.1;  10.4;    3;  10.0;   8;    0.483; 285;   7.7;   5.6;  705.52;   -1.2;   98.17;    2.9;   -6.4;-999;eor
       5792;20170607;   10;  20.0;   7.0;    3;   0.0;   7;    5.583; 285;   5.3;   3.9;  709.48;   -5.3;   93.75;   -2.6;   -7.7;-999;eor
       5792;20170608;   10;  15.2;   7.9;    3;   0.0;   0;   15.600; 280;   5.0;   3.0;  714.48;    0.3;   46.58;    4.6;   -7.6;-999;eor
       5792;20170609;   10;  15.4;   6.0;    3;   0.9;   8;    7.933; 275;   6.0;   5.5;  714.18;    3.1;   73.38;    6.6;    0.2;-999;eor
       5792;20170610;   10;  16.2;   6.4;    3;   0.0;   0;    2.683; 265;   7.7;   6.4;  716.10;    1.3;   94.75;    3.8;   -0.2;-999;eor
       5792;20170611;   10;  16.7;   5.2;    3;   0.0;   0;   15.333; 260;   2.0;   5.9;  718.68;    7.5;   56.33;   13.3;    1.0;-999;eor
       5792;20170612;   10;  20.5;   8.6;    3;   0.0;   6;    1.117; 250;   7.7;   9.0;  717.29;    6.1;   95.46;    7.5;    4.3;-999;eor
       5792;20170613;   10;  21.6;   9.1;    3;   0.0;   0;    7.867; 245;   6.0;   8.5;  716.35;    5.4;   94.88;    8.5;    3.7;-999;eor
       5792;20170614;   10;  16.3;   7.0;    3;   0.0;   0;    4.667; 235;   8.0;   8.5;  716.20;    5.2;   95.54;    7.1;    4.1;-999;eor
       5792;20170615;   10;  17.7;   4.5;    3;   8.1;   8;    6.267; 225;   6.3;   8.0;  717.07;    5.1;   90.96;    8.2;    2.6;-999;eor
       5792;20170616;   10;  22.5;   9.4;    3;   2.4;   8;    0.183; 220;   7.7;   7.1;  716.52;    2.2;   98.79;    4.7;   -1.3;-999;eor
       5792;20170617;   10;  17.6;   6.7;    3;   0.0;   0;    3.583; 220;   7.7;   5.6;  716.94;   -1.1;   98.38;    0.3;   -3.2;-999;eor
       5792;20170618;   10;  10.2;   4.0;    3;   0.0;   0;   14.867; 215;   2.3;   4.1;  718.34;    3.8;   53.50;   10.4;   -3.9;-999;eor
       5792;20170619;   10;  14.0;   5.0;    3;   0.0;   0;    9.600; 205;   5.0;   7.2;  720.07;    7.3;   70.04;   11.1;    4.8;-999;eor
       5792;20170620;   10;  14.4;   5.1;    3;   3.9;   6;    5.450; 195;   6.3;   8.6;  719.34;    6.9;   85.88;   10.6;    5.1;-999;eor
       5792;20170621;   10;  16.2;   4.1;    3;   0.1;   6;    5.700; 185;   7.0;   8.8;  718.48;    6.8;   88.79;    9.9;    5.3;-999;eor
       5792;20170622;   10;  21.1;   5.3;    3;   1.4;   8;    7.733; 175;   6.3;   9.2;  719.06;    8.0;   86.25;   11.6;    5.7;-999;eor
       5792;20170623;   10;  26.8;   9.9;    3;   2.2;   8;    5.683; 160;   7.0;   9.0;  718.76;    7.1;   89.13;    8.6;    5.3;-999;eor
       5792;20170624;   10;  20.5;   8.4;    3;   3.3;   8;    4.050; 150;   7.0;   9.3;  717.91;    7.0;   92.67;   10.1;    4.7;-999;eor
       5792;20170625;   10;  21.0;   7.4;    3;   7.0;   8;    0.333; 145;   8.0;   6.7;  714.39;    2.8;   91.17;    6.3;    1.4;-999;eor
       5792;20170626;   10;  21.1;   5.7;    3;  11.7;   6;   10.633; 140;   3.7;   7.5;  714.32;    5.7;   81.57;   11.2;    1.6;-999;eor
       5792;20170627;   10;  27.5;   9.7;    3;   0.6;   8;    4.717; 130;   7.0;  -999;  710.78;    5.1;-999;    8.0;    2.8;-999;eor
       5792;20170628;   10;  26.3;   8.0;    3;   6.7;   8;    2.400; 125;   7.0;   7.4;  704.28;    4.2;   89.96;    6.4;    0.9;-999;eor
       5792;20170629;   10;  22.7;   8.2;    3;  16.9;   8;    1.767; 120;   7.3;   5.9;  701.34;   -0.5;   99.33;    1.9;   -2.6;-999;eor
       5792;20170630;   10;  20.1;   6.5;    3;   8.1;   7;    5.933; 120;   6.7;   5.2;  705.63;   -1.8;   97.21;    0.3;   -3.5;-999;eor
       5792;20170701;   10;  16.2;   5.2;    3;   3.0;   8;    2.850; 115;   7.7;   5.6;  709.03;   -1.2;   99.46;    0.9;   -2.5;-999;eor
       5792;20170702;   10;  15.2;   5.7;    3;  12.4;   8;    0.000; 115;   8.0;   6.0;  713.57;   -0.2;  100.00;    1.0;   -1.4;-999;eor
       5792;20170703;   10;  16.3;   5.0;    3;   5.2;   6;    1.000; 110;   8.0;   6.3;  716.76;    0.4;  100.00;    2.2;   -0.4;-999;eor
       5792;20170704;   10;  18.0;   7.3;    3;   0.0;   0;   11.100; 105;   3.3;   6.4;  717.83;    2.9;   85.38;    6.9;   -0.6;-999;eor
       5792;20170705;   10;  18.1;   5.5;    3;   0.0;   0;   13.183; 100;   3.3;   6.7;  718.83;    6.0;   71.17;    9.0;    3.9;-999;eor
       5792;20170706;   10;  15.2;   3.7;    3;   0.0;   0;   11.800;  90;   3.7;   7.6;  720.20;    7.4;   73.13;   11.1;    4.8;-999;eor
       5792;20170707;   10;  26.3;   7.3;    3;   9.2;   8;    8.733;  85;   5.0;   7.9;  719.81;    7.3;   77.88;    9.1;    4.5;-999;eor
       5792;20170708;   10;  24.7;   7.9;    3;   0.7;   6;    3.483;  80;   7.0;   8.7;  718.88;    6.3;   90.92;    8.7;    4.3;-999;eor
       5792;20170709;   10;  26.0;   8.5;    3;   4.5;   8;    4.767;  75;   6.7;   7.6;  716.38;    7.0;   76.46;   10.7;    4.5;-999;eor
       5792;20170710;   10;  23.8;   7.9;    3;  19.2;   8;    1.667;  65;   7.0;   8.2;  712.75;    5.1;   93.75;    6.8;    1.0;-999;eor
       5792;20170711;   10;  32.1;   8.4;    3;   9.3;   8;    2.067;  60;   6.7;   7.2;  713.36;    2.5;   98.58;    5.6;    0.7;-999;eor
       5792;20170712;   10;  24.7;   9.1;    3;  10.9;   6;    4.900;  55;   6.7;   7.8;  713.98;    4.3;   93.67;    7.4;    2.5;-999;eor
       5792;20170713;   10;  13.0;   5.3;    3;   1.3;   8;    3.417;  40;   8.0;   7.2;  715.24;    2.2;   99.75;    3.9;    0.8;-999;eor
       5792;20170714;   10;  26.6;   7.9;    3;  14.5;   8;    0.000;  25;   8.0;   6.1;  712.81;    0.1;   99.42;    1.8;   -1.9;-999;eor
       5792;20170715;   10;  18.2;   6.7;    3;   3.5;   7;    0.100;  15;   8.0;   5.4;  714.09;   -1.7;   99.79;   -0.9;   -2.5;-999;eor
       5792;20170716;   10;   9.9;   3.9;    3;   0.0;   0;    7.917;  15;   6.3;   5.5;  717.63;   -0.4;   92.92;    3.9;   -3.7;-999;eor
       5792;20170717;   10;   8.0;   3.3;    3;   0.0;   0;   10.700;   0;   4.3;   7.7;  719.21;    5.5;   85.08;    9.1;    2.7;-999;eor
       5792;20170718;   10;  19.5;   5.3;    3;  15.3;   8;    7.367;   0;   6.3;   7.6;  718.54;    6.4;   79.08;   10.7;    3.0;-999;eor
       5792;20170719;   10;  22.3;   6.2;    3;   1.3;   6;    9.267;   0;   2.3;   8.1;  717.15;    7.5;   79.13;   12.0;    4.3;-999;eor
       5792;20170720;   10;  18.3;   6.1;    3;  10.5;   8;    5.800;   0;   7.0;   7.7;  714.77;    5.1;   87.75;    8.0;    2.8;-999;eor
       5792;20170721;   10;  24.3;   6.7;    3;   2.5;   6;    7.683;   0;   4.3;   7.5;  714.56;    5.9;   81.38;    8.9;    3.3;-999;eor
       5792;20170722;   10;  22.9;   5.4;    3;   7.3;   6;    3.033;   0;   7.7;   8.1;  715.12;    5.1;   92.17;    8.4;    3.1;-999;eor
       5792;20170723;   10;  24.4;   5.7;    3;   3.3;   6;    2.850;   0;   6.7;   8.5;  715.11;    5.0;   96.58;    6.9;    2.4;-999;eor
       5792;20170724;   10;  21.8;   7.5;    3;  23.8;   8;    0.050;   0;   8.0;   6.5;  708.10;    0.7;   99.63;    4.6;   -2.4;-999;eor
       5792;20170725;   10;  22.0;   8.8;    3;  26.2;   7;    0.083;  10;   8.0;   5.0;  704.98;   -2.7;   99.04;   -0.7;   -3.5;-999;eor
       5792;20170726;   10;  24.5;   9.9;    3;  31.1;   7;    0.000;  30;   8.0;   5.1;  705.44;   -2.2;   98.92;   -1.1;   -3.3;-999;eor
       5792;20170727;   10;  19.3;   7.6;    3;   7.1;   8;    2.300;  43;   7.7;   6.4;  710.09;    0.5;   98.83;    3.3;   -3.3;-999;eor
       5792;20170728;   10;  24.7;   9.6;    3;   3.6;   8;    1.667;  30;   8.0;   7.2;  713.07;    2.6;   98.21;    3.8;    1.0;-999;eor
       5792;20170729;   10;  26.1;   8.5;    3;   4.6;   8;    8.717;  20;   5.3;   7.6;  717.21;    6.7;   77.13;   11.3;    3.4;-999;eor
       5792;20170730;   10;  29.3;   5.3;    3;   3.9;   8;    6.100;  10;   5.7;   7.9;  717.06;    7.5;   76.33;   11.9;    2.7;-999;eor
       5792;20170731;   10;  22.0;   9.0;    3;   0.3;   6;    8.567;   3;   6.0;   7.2;  719.39;    8.9;   63.21;   12.9;    4.3;-999;eor
       5792;20170801;   10;  26.1;  11.5;    3;   0.1;   6;   12.417;   0;   3.0;   7.1;  720.65;   11.3;   53.08;   14.9;    8.9;-999;eor
       5792;20170802;   10;  21.2;   6.8;    3;   2.5;   8;   11.617;   0;   4.0;   9.3;  721.66;    9.7;   77.04;   11.6;    6.5;-999;eor
       5792;20170803;   10;  20.0;   7.2;    3;   0.0;   0;    9.400;   0;   5.0;   9.6;  720.52;   11.3;   71.42;   14.5;    9.5;-999;eor
       5792;20170804;   10;  18.1;   6.6;    3;   0.2;   6;    6.333;   0;   6.0;  10.8;  718.41;    9.9;   88.71;   14.2;    7.3;-999;eor
       5792;20170805;   10;  17.4;   6.4;    3;   2.1;   6;    2.750;   0;   7.0;  10.7;  717.97;    8.1;   98.83;   11.4;    5.5;-999;eor
       5792;20170806;   10;  13.0;   3.8;    3;  11.4;   8;    0.033;   0;   8.0;   8.1;  717.00;    3.9;   99.67;    6.8;   -0.5;-999;eor
       5792;20170807;   10;  17.9;   4.7;    3;   0.0;   0;   14.433;   0;   1.3;   3.9;  716.15;    7.2;   39.21;   11.4;   -1.4;-999;eor
       5792;20170808;   10;  35.3;  10.1;    3;  19.5;   8;    7.117;   0;   6.0;   7.5;  714.08;    6.3;   79.08;    9.7;    0.8;-999;eor
       5792;20170809;   10;  32.0;  10.1;    3;   0.2;   6;   10.767;   0;   4.3;   8.0;  714.17;    4.9;   91.79;    8.9;    1.0;-999;eor
       5792;20170810;   10;  21.2;   9.3;    3;  17.4;   8;    5.917;   0;   7.0;   7.8;  713.26;    3.6;   98.25;    6.0;    1.3;-999;eor
       5792;20170811;   10;  12.4;   4.0;    3;  13.4;   8;    2.383;   0;   7.7;   6.1;  710.17;   -0.1;   99.75;    2.7;   -2.3;-999;eor
       5792;20170812;   10;  13.8;   6.2;    3;   1.0;   8;    0.000;   3;   7.7;   5.5;  713.28;   -1.4;   99.42;   -0.1;   -2.6;-999;eor
       5792;20170813;   10;  10.4;   4.1;    3;   0.0;   6;    5.533;   2;   6.3;   6.9;  716.81;    2.5;   94.50;    6.5;   -0.1;-999;eor
       5792;20170814;   10;  13.6;   4.2;    3;   0.0;   0;    8.950;   0;   4.7;   7.4;  718.50;    5.6;   81.13;    8.5;    2.8;-999;eor
       5792;20170815;   10;  18.7;   3.8;    3;  22.9;   8;    9.750;   0;   3.7;   7.8;  719.92;    6.8;   78.71;   10.3;    2.6;-999;eor
       5792;20170816;   10;  18.4;   5.0;    3;   0.0;   0;    3.467;   0;   6.7;   7.9;  719.40;    4.7;   93.13;    8.1;    2.8;-999;eor
       5792;20170817;   10;  12.9;   5.5;    3;   0.0;   0;    6.333;   0;   7.3;   8.5;  719.40;    6.4;   88.38;   10.1;    4.3;-999;eor
       5792;20170818;   10;  24.1;   7.5;    3;  28.3;   6;    9.083;   0;   4.7;   9.1;  717.78;    7.8;   86.88;   11.9;    3.7;-999;eor
       5792;20170819;   10;  22.9;   5.2;    3;  11.6;   8;    0.017;   0;   8.0;   6.6;  714.69;    1.0;   99.88;    3.9;   -2.6;-999;eor
       5792;20170820;   10;  11.9;   3.9;    3;   0.2;   7;    1.267;   1;   7.3;   5.2;  715.54;   -2.1;   99.04;   -0.8;   -3.6;-999;eor
       5792;20170821;   10;  13.1;   5.3;    3;   0.0;   0;    5.500;   0;   7.0;   4.8;  716.01;   -1.9;   89.92;    1.2;   -6.3;-999;eor
       5792;20170822;   10;  17.6;   7.3;    3;   0.0;   0;    1.000;   0;   8.0;   6.9;  715.79;    2.2;   95.96;    4.2;   -0.2;-999;eor
       5792;20170823;   10;  15.9;   6.6;    3;   0.0;   0;    8.267;   0;   3.0;   6.9;  716.48;    3.7;   86.17;    5.8;    1.0;-999;eor
       5792;20170824;   10;  24.0;   6.4;    3;  14.4;   8;    6.350;   0;   6.0;   8.5;  718.80;    6.4;   88.25;   10.8;    2.7;-999;eor
       5792;20170825;   10;  16.2;   5.9;    3;   0.0;   0;   12.783;   0;   2.3;   7.5;  719.75;    7.8;   71.75;   11.5;    4.1;-999;eor
       5792;20170826;   10;  16.0;   5.4;    3;   0.0;   6;    8.150;   0;   4.0;   7.9;  719.90;    8.1;   72.83;   11.8;    5.4;-999;eor
       5792;20170827;   10;  22.8;   6.3;    3;   0.3;   6;    7.200;   0;   6.7;   7.9;  719.12;    6.6;   81.54;    9.6;    4.5;-999;eor
       5792;20170828;   10;  14.1;   4.9;    3;   0.2;   6;    1.183;   0;   7.3;   8.1;  718.05;    4.9;   93.54;    6.8;    3.6;-999;eor
       5792;20170829;   10;  13.0;   4.8;    3;   0.0;   0;   13.250;   0;   1.0;   6.5;  717.40;    7.1;   64.17;   10.7;    3.9;-999;eor
       5792;20170830;   10;  17.6;   7.1;    3;   0.0;   0;   12.483;   0;   4.0;   7.8;  717.08;    9.4;   65.13;   13.3;    6.5;-999;eor
       5792;20170831;   10;  25.7;   8.0;    3;  22.9;   8;    1.833;   0;   7.7;   8.3;  715.27;    5.7;   90.67;    9.0;    1.2;-999;eor
       5792;20170901;   10;   9.9;   2.6;    3;  43.5;   7;    0.100;   1;   8.0;   6.0;  711.20;   -0.2;   99.83;    1.5;   -1.9;-999;eor
       5792;20170902;   10;  11.5;   3.9;    3;  50.1;   7;    0.000;  22;   8.0;   4.3;  707.67;   -4.2;   96.25;   -1.3;   -5.6;-999;eor
       5792;20170903;   10;  11.6;   4.2;    3;   2.5;   7;    0.867;  60;   6.7;   4.0;  708.17;   -4.9;   93.17;   -3.2;   -5.6;-999;eor
       5792;20170904;   10;  14.1;   6.3;    3;   3.1;   8;    5.700;  50;   6.0;   4.6;  711.08;   -3.0;   91.96;   -0.5;   -5.4;-999;eor
       5792;20170905;   10;  16.2;   7.3;    3;   0.5;   6;    0.917;  40;   7.7;   6.6;  715.77;    1.0;  100.00;    2.7;   -0.5;-999;eor
       5792;20170906;   10;  20.0;   7.3;    3;   9.5;   8;    0.217;  30;   8.0;   7.0;  714.52;    1.8;  100.00;    3.1;   -0.8;-999;eor
       5792;20170907;   10;  16.1;   5.7;    3;   0.0;   0;    0.733;  25;   8.0;   5.0;  711.00;   -2.2;   95.75;   -0.6;   -4.5;-999;eor
       5792;20170908;   10;  18.1;   8.4;    3;   0.0;   0;   11.817;  18;   3.0;   5.0;  708.81;    1.3;   73.21;    5.2;   -2.9;-999;eor
       5792;20170909;   10;  24.4;   9.3;    3;  12.2;   8;    1.100;  15;   7.7;   5.9;  702.66;    0.5;   93.67;    2.5;   -2.9;-999;eor
       5792;20170910;   10;  17.0;   5.4;    3;   4.0;   7;    4.183;  25;   6.7;   5.3;  702.38;   -1.7;   98.17;   -0.1;   -3.9;-999;eor
       5792;20170911;   10;  16.7;   7.3;    3;   5.7;   8;    2.950;  25;   7.0;   5.8;  702.88;   -0.5;   98.25;    2.1;   -4.5;-999;eor
       5792;20170912;   10;  21.1;   8.4;    3;   4.2;   7;    0.183;  23;   8.0;   4.1;  704.89;   -4.8;   95.50;   -4.0;   -5.7;-999;eor
       5792;20170913;   10;  35.4;  17.6;    3;   0.4;   6;    3.017;  25;   6.0;   5.3;  709.71;   -0.1;   84.08;    3.7;   -6.6;-999;eor
       5792;20170914;   10;  40.1;  15.3;    3;   7.2;   8;    4.100;  18;   4.3;   4.4;  706.70;   -1.7;   82.33;    3.8;   -7.9;-999;eor
       5792;20170915;   10;  17.2;   7.1;    3;   3.5;   7;    8.250;  20;   5.0;   3.7;  706.09;   -5.0;   88.17;   -2.8;   -8.1;-999;eor
       5792;20170916;   10;  10.4;   4.2;    3;  12.4;   7;    2.333;  25;   7.0;   4.0;  704.14;   -4.9;   93.71;   -2.2;   -6.6;-999;eor
       5792;20170917;   10;   8.1;   3.6;    3;   4.5;   7;    1.717;  40;   7.7;   3.7;  705.08;   -6.0;   93.83;   -4.1;   -6.9;-999;eor
       5792;20170918;   10;  18.3;   5.6;    3;   3.3;   7;    3.467;  43;   7.0;   3.7;  706.88;   -6.0;   94.17;   -3.6;   -7.5;-999;eor
       5792;20170919;   10;  10.0;   4.2;    3;  26.9;   7;    0.000;  39;   8.0;   3.3;  706.59;   -7.2;   93.33;   -6.6;   -8.1;-999;eor
       5792;20170920;   10;  11.0;   4.2;    3;   2.9;   7;    0.000;  55;   8.0;   3.4;  709.73;   -6.9;   94.13;   -5.8;   -8.4;-999;eor
       5792;20170921;   10;  13.6;   4.3;    3;   0.0;   0;   11.900;  50;   1.7;   3.4;  711.84;   -4.9;   80.67;   -1.8;   -7.4;-999;eor
       5792;20170922;   10;  13.4;   6.5;    3;   0.0;   0;    9.650;  45;   2.7;   4.3;  714.35;   -1.1;   75.58;    0.3;   -2.5;-999;eor
       5792;20170923;   10;  13.8;   5.3;    3;   2.4;   7;    9.417;  37;   4.7;   5.0;  714.73;   -0.3;   84.08;    2.3;   -1.9;-999;eor
       5792;20170924;   10;  12.4;   3.8;    3;   2.7;   7;    1.400;  36;   7.7;   4.8;  712.71;   -3.0;   98.25;   -0.8;   -4.3;-999;eor
       5792;20170925;   10;  14.9;   4.8;    3;   2.6;   7;    4.150;  36;   7.0;   4.6;  711.98;   -2.9;   93.42;   -0.9;   -4.5;-999;eor
       5792;20170926;   10;  10.2;   4.5;    3;   0.7;   7;    5.617;  35;   6.0;   5.0;  713.85;   -1.9;   93.50;    0.0;   -4.2;-999;eor
       5792;20170927;   10;  11.9;   4.6;    3;   0.1;   7;    3.383;  26;   6.3;   5.4;  716.51;   -0.4;   90.46;    2.5;   -2.1;-999;eor
       5792;20170928;   10;   9.1;   4.0;    3;   0.0;   0;    7.000;  24;   7.3;   5.6;  719.00;    0.5;   87.50;    3.4;   -1.1;-999;eor
       5792;20170929;   10;  10.8;   4.6;    3;   0.5;   8;    0.700;  20;   7.3;   5.9;  717.40;    0.6;   91.75;    3.0;   -0.8;-999;eor
       5792;20170930;   10;   9.2;   4.0;    3;  11.5;   8;    5.000;  18;   7.3;   6.3;  713.89;    1.3;   94.46;    4.4;   -0.9;-999;eor
       5792;20171001;   10;  10.3;   3.2;    3;   3.2;   7;    0.667;  25;   7.3;   5.3;  713.29;   -0.9;   93.13;    0.1;   -1.8;-999;eor
       5792;20171002;   10;  21.8;   8.2;    3;   3.4;   8;    5.867;  16;   5.0;   5.0;  714.59;    1.2;   72.79;    3.0;   -0.9;-999;eor
       5792;20171003;   10;  29.6;   9.8;    3;  14.0;   8;    0.917;  12;   8.0;   5.5;  712.60;   -1.6;   98.96;    2.6;   -7.4;-999;eor
       5792;20171004;   10;  24.9;  10.8;    3;   0.0;   0;    6.117;  20;   6.7;   1.9;  715.67;   -1.8;   37.38;    1.4;   -7.4;-999;eor
       5792;20171005;   10;  31.5;  12.7;    3;  19.6;   7;    9.483;  18;   3.0;   3.4;  711.39;    0.3;   55.63;    2.9;   -6.1;-999;eor
       5792;20171006;   10;  18.3;   7.2;    3;  27.5;   7;    0.233;  35;   8.0;   3.0;  706.78;   -8.6;   94.46;   -6.0;  -10.4;-999;eor
       5792;20171007;   10;  22.2;   8.1;    3;   3.1;   7;    8.433;  65;   5.3;   2.4;  710.01;   -7.6;   71.50;   -4.6;   -9.7;-999;eor
       5792;20171008;   10;  28.3;  10.1;    3;  10.2;   7;    0.000;  60;   8.0;   4.0;  708.17;   -5.2;   95.25;   -4.1;   -7.0;-999;eor
       5792;20171009;   10;  15.4;   6.4;    3;   5.2;   7;    0.233;  70;   8.0;   3.9;  709.61;   -5.4;   95.33;   -4.1;   -6.6;-999;eor
       5792;20171010;   10;  15.3;   6.8;    3;   0.2;   7;    2.133;  64;   7.3;   4.1;  711.35;   -4.5;   93.67;   -3.0;   -6.1;-999;eor
       5792;20171011;   10;  23.3;  12.1;    3;   0.0;   0;   10.517;  62;   3.0;   3.9;  714.43;   -1.3;   70.21;    0.9;   -3.6;-999;eor
       5792;20171012;   10;  24.2;  11.1;    3;   0.0;   0;    9.350;  60;   1.7;   4.4;  717.22;   -1.2;   78.04;    0.1;   -2.6;-999;eor
       5792;20171013;   10;  20.0;   8.6;    3;   0.0;   0;   10.383;  55;   4.0;   3.5;  720.26;    0.9;   52.63;    2.7;   -0.8;-999;eor
       5792;20171014;   10;   9.8;   4.3;    3;   0.0;   0;   10.917;  50;   1.0;   4.9;  722.57;    4.8;   58.04;    8.8;    1.6;-999;eor
       5792;20171015;   10;   7.9;   3.5;    3;   0.0;   0;   10.917;  45;   0.3;   3.8;  723.49;    6.6;   39.13;    8.7;    4.9;-999;eor
       5792;20171016;   10;  11.4;   5.8;    3;   0.0;   0;   10.867;  40;   0.0;   3.6;  723.00;    5.4;   40.96;    8.2;    2.8;-999;eor
       5792;20171017;   10;  11.8;   5.1;    3;   0.0;   0;    9.683;  38;   3.7;   2.5;  719.85;    5.5;   27.63;    7.5;    4.0;-999;eor
       5792;20171018;   10;   8.6;   3.6;    3;   0.0;   0;   10.383;  33;   1.3;   3.0;  713.57;    3.0;   39.92;    5.7;    0.3;-999;eor
       5792;20171019;   10;  10.1;   4.3;    3;   0.0;   0;   10.400;  29;   1.3;   3.4;  712.26;    1.8;   49.00;    4.9;    0.0;-999;eor
       5792;20171020;   10;  11.5;   4.8;    3;   0.0;   0;    9.650;  26;   3.0;   4.3;  713.01;    2.0;   60.75;    4.7;    0.2;-999;eor
       5792;20171021;   10;  19.6;   6.8;    3;   8.3;   7;    4.367;  23;   5.7;   5.2;  712.81;    0.1;   84.29;    1.7;   -2.1;-999;eor
       5792;20171022;   10;  21.8;   7.5;    3;  26.9;   7;    0.017;  23;   8.0;   3.4;  706.52;   -7.4;   95.54;   -1.6;   -9.8;-999;eor
       5792;20171023;   10;  16.7;   6.7;    3;  23.4;   7;    0.000;  43;   8.0;   3.0;  707.17;   -9.1;   96.13;   -7.9;  -10.0;-999;eor
       5792;20171024;   10;  14.3;   5.6;    3;   0.8;   7;    6.983;  52;   5.0;   3.5;  714.30;   -5.7;   85.75;   -1.2;   -8.7;-999;eor
       5792;20171025;   10;  14.9;   6.2;    3;   0.0;   0;    6.150;  52;   5.7;   4.4;  718.69;    0.8;   68.13;    2.8;   -2.6;-999;eor
       5792;20171026;   10;  21.7;   8.6;    3;   0.0;   7;    9.433;  45;   5.0;   3.7;  719.35;    1.4;   55.42;    3.5;   -0.6;-999;eor
       5792;20171027;   10;  29.3;   9.5;    3;  30.8;   7;    0.000;  40;   8.0;   4.2;  713.00;   -4.9;   95.92;   -0.4;  -10.3;-999;eor
       5792;20171028;   10;  25.3;  10.5;    3;  11.7;   7;    5.967;  66;   6.7;   2.1;  709.82;   -8.5;   66.21;   -2.8;  -11.0;-999;eor
       5792;20171029;   10;  41.9;  15.2;    3;  29.6;   7;    0.000;  70;   8.0;   4.1;  703.00;   -5.2;   96.13;   -2.0;  -11.0;-999;eor
       5792;20171030;   10;  16.9;   8.1;    3;   0.0;   0;    9.883;  90;   1.3;   1.6;  707.15;  -10.9;   62.96;   -5.8;  -14.3;-999;eor
       5792;20171031;   10;  13.0;   6.2;    3;   0.0;   0;   10.017;  80;   2.7;   2.8;  712.01;   -6.0;   70.88;   -4.7;   -7.6;-999;eor
       5792;20171101;    3;  12.0;   5.3;    3;   0.3;   7;    0.000;  70;   8.0;   4.4;  713.19;   -3.6;   92.33;   -2.3;   -6.2;-999;eor
       5792;20171102;    3;  20.6;   9.6;    3;   1.5;   7;    0.300;  65;   7.3;   3.7;  709.62;   -3.6;   80.67;   -1.5;   -5.8;-999;eor
       5792;20171103;    3;  17.3;   7.8;    3;   0.0;   7;    7.367;  65;   3.7;   2.8;  708.49;   -3.1;   62.33;    1.8;   -5.5;-999;eor
       5792;20171104;    3;  26.3;   9.0;    3;   0.0;   0;    5.883;  59;   6.7;   3.0;  708.03;   -1.4;   55.79;    0.7;   -3.3;-999;eor
       5792;20171105;    3;  35.3;  10.3;    3;  42.1;   7;    0.750;  57;   7.7;   3.7;  702.27;   -5.5;   89.17;   -1.7;  -11.6;-999;eor
       5792;20171106;    3;  23.5;   5.7;    3;   9.7;   7;    0.000; 105;   7.7;   2.5;  702.88;  -10.9;   93.75;   -6.5;  -13.0;-999;eor
       5792;20171107;    3;  25.3;   9.6;    3;   2.9;   7;    6.700; 112;   6.7;   3.7;  703.48;   -5.5;   91.79;   -3.7;   -7.5;-999;eor
       5792;20171108;    3;  19.2;   5.3;    3;   0.1;   7;    8.367; 104;   4.0;   3.0;  703.75;   -7.5;   87.33;   -4.4;   -8.6;-999;eor
       5792;20171109;    3;  10.5;   3.8;    3;   0.0;   0;    9.367;  98;   1.0;   2.8;  707.75;   -7.1;   77.75;   -3.3;   -8.5;-999;eor
       5792;20171110;    3;  23.3;   9.8;    3;  18.7;   7;    2.600;  97;   6.0;   2.7;  706.88;   -7.4;   76.54;   -6.0;   -8.8;-999;eor
       5792;20171111;    3;  30.5;  13.4;    3;  28.2;   7;    0.000; 130;   8.0;   3.4;  702.37;   -7.4;   96.67;   -5.9;   -9.5;-999;eor
       5792;20171112;    3;  37.8;  12.8;    3;  25.5;   7;    0.000; 160;   8.0;   3.4;  695.68;   -7.4;   95.04;   -4.5;  -14.9;-999;eor
       5792;20171113;    3;  12.6;   4.1;    3;  19.3;   7;    0.000; 195;   8.0;   1.7;  696.77;  -15.2;   91.63;  -14.2;  -16.0;-999;eor
       5792;20171114;    3;  14.6;   5.5;    3;   0.0;   0;    8.933; 230;   3.7;   1.3;  706.37;  -11.9;   54.21;   -5.9;  -16.8;-999;eor
       5792;20171115;    3;  15.5;   6.8;    3;   0.0;   0;    9.317; 200;   2.0;   2.3;  710.15;   -4.1;   51.13;    2.4;   -6.9;-999;eor
       5792;20171116;    3;  11.9;   4.3;    3;   0.0;   0;    8.433; 190;   2.3;   2.9;  709.92;   -2.5;   56.04;    4.4;   -5.9;-999;eor
       5792;20171117;    3;  14.2;   4.7;    3;   0.0;   7;    0.650; 170;   6.0;   2.6;  709.00;   -7.3;   73.33;   -4.5;   -9.1;-999;eor
       5792;20171118;    3;  20.8;   7.7;    3;   8.5;   7;    8.817; 155;   4.0;   1.2;  705.64;  -10.2;   42.33;   -7.8;  -12.3;-999;eor
       5792;20171119;    3;  23.7;  10.1;    3;  23.6;   7;    0.000; 155;   8.0;   1.9;  701.51;  -13.3;   87.33;  -10.1;  -15.7;-999;eor
       5792;20171120;    3;  31.2;  12.9;    3;  17.9;   7;    0.150; 175;   6.3;   2.1;  704.55;  -11.8;   82.79;   -6.5;  -15.7;-999;eor
       5792;20171121;    3;  29.5;  13.3;    3;   3.0;   7;    0.000; 185;   8.0;   3.8;  706.82;   -5.4;   93.83;   -2.9;   -7.4;-999;eor
       5792;20171122;    3;  25.3;  13.6;    3;   0.0;   0;    8.100; 155;   5.7;   1.9;  708.20;   -2.7;   40.17;    1.0;   -5.9;-999;eor
       5792;20171123;    3;  16.9;   8.4;    3;   0.0;   0;    6.850; 140;   4.7;   2.3;  708.40;   -1.7;   46.83;    1.4;   -4.4;-999;eor
       5792;20171124;    3;  21.0;   9.5;    3;   0.0;   0;    6.850; 125;   5.7;   2.9;  708.71;   -3.3;   61.50;   -2.6;   -4.7;-999;eor
       5792;20171125;    3;  35.9;  11.5;    3;  15.8;   7;    1.333; 125;   7.7;   2.9;  701.85;   -7.5;   81.96;   -3.1;  -13.5;-999;eor
       5792;20171126;    3;  15.9;   6.8;    3;  10.4;   7;    0.083; 155;   8.0;   1.6;  703.08;  -16.6;   92.17;  -13.2;  -17.9;-999;eor
       5792;20171127;    3;  25.7;   8.0;    3;   2.9;   7;    2.083; 165;   6.7;   1.9;  704.72;  -14.0;   90.75;   -7.9;  -17.5;-999;eor
       5792;20171128;    3;  27.1;  11.7;    3;   0.0;   7;    0.117; 155;   7.3;   2.8;  698.87;   -9.0;   89.92;   -7.2;  -11.3;-999;eor
       5792;20171129;    3;  19.4;   4.9;    3;  17.7;   7;    0.600; 145;   8.0;   2.1;  692.64;  -12.4;   89.46;  -10.2;  -15.1;-999;eor
       5792;20171130;    3;  17.8;   7.1;    3;   5.0;   7;    0.017; 180;   8.0;   1.4;  690.15;  -17.1;   89.63;  -15.0;  -18.0;-999;eor
       5792;20171201;    3;  12.5;   4.9;    3;   0.0;   7;    8.217; 180;   3.7;   1.2;  694.02;  -17.5;   77.88;  -14.8;  -18.2;-999;eor
       5792;20171202;    3;  12.6;   6.0;    3;   0.0;   0;    8.483; 175;   2.3;   1.0;  700.29;  -15.1;   53.58;  -10.0;  -18.1;-999;eor
       5792;20171203;    3;  13.5;   5.4;    3;   8.6;   7;    8.050; 175;   3.3;   1.0;  702.49;  -16.3;   60.46;  -13.7;  -18.3;-999;eor
       5792;20171204;    3;  20.8;   9.1;    3;  27.3;   7;    0.000; 180;   8.0;   2.1;  708.61;  -12.9;   90.29;  -12.3;  -14.7;-999;eor
       5792;20171205;    3;  16.2;   7.4;    3;   0.0;   0;    0.000; 195;   5.7;   2.3;  714.92;  -11.2;   88.96;   -8.9;  -13.8;-999;eor
       5792;20171206;    3;  11.6;   5.5;    3;   0.0;   0;    8.550; 185;   1.0;   1.8;  716.48;   -6.0;   47.42;   -2.6;   -9.5;-999;eor
       5792;20171207;    3;  32.0;  13.0;    3;   0.1;   7;    8.567; 180;   1.7;   1.4;  710.55;   -6.0;   35.38;   -3.1;   -6.9;-999;eor
       5792;20171208;    3;  32.5;  13.7;    3;  17.7;   7;    0.000; 175;   8.0;   2.1;  698.51;  -11.6;   82.08;   -5.8;  -18.4;-999;eor
       5792;20171209;    3;  24.2;   9.4;    3;   3.5;   7;    2.650; 210;   7.0;   1.0;  694.33;  -20.4;   84.63;  -17.8;  -21.9;-999;eor
       5792;20171210;    3;  48.8;  21.4;    3;   1.5;   7;    0.600; 205;   7.3;   2.2;  688.58;  -11.1;   73.38;   -6.1;  -18.8;-999;eor
       5792;20171211;    3;  50.0;  20.9;    3;   5.6;   7;    0.267; 190;   7.0;   3.6;  685.89;   -5.9;   91.08;   -4.9;   -9.0;-999;eor
       5792;20171212;    3;  28.5;   9.5;    3;   3.6;   7;    0.083; 195;   8.0;   2.3;  694.97;  -12.0;   91.17;   -7.8;  -16.7;-999;eor
       5792;20171213;    3;  41.6;  15.3;    3;   0.9;   7;    6.367; 195;   4.0;   1.4;  698.12;  -12.9;   60.33;   -6.6;  -17.9;-999;eor
       5792;20171214;    3;  39.5;  15.7;    3;  20.8;   7;    0.067; 195;   8.0;   2.4;  691.28;  -10.8;   88.50;   -7.4;  -13.5;-999;eor
       5792;20171215;    3;  27.8;   9.7;    3;   1.2;   7;    3.867; 215;   6.7;   1.8;  688.52;  -14.2;   87.21;  -10.6;  -16.3;-999;eor
       5792;20171216;    3;  12.5;   5.3;    3;  18.6;   7;    0.000; 215;   8.0;   1.7;  693.78;  -15.7;   92.13;  -13.9;  -17.0;-999;eor
       5792;20171217;    3;  13.6;   6.2;    3;  12.3;   7;    0.000; 245;   8.0;   1.4;  701.01;  -17.7;   91.17;  -16.4;  -19.3;-999;eor
       5792;20171218;    3;  13.6;   7.1;    3;   4.8;   7;    0.067; 270;   7.7;   1.6;  702.98;  -15.7;   88.46;  -13.5;  -19.3;-999;eor
       5792;20171219;    3;  13.7;   6.9;    3;   2.7;   7;    7.950; 275;   4.0;   1.5;  709.11;  -15.0;   76.92;  -12.5;  -16.3;-999;eor
       5792;20171220;    3;  10.3;   4.5;    3;   0.6;   7;    5.933; 260;   3.0;   1.5;  711.48;  -13.4;   71.13;   -9.7;  -15.1;-999;eor
       5792;20171221;    3;  19.5;   8.2;    3;  16.8;   7;    3.150; 240;   6.7;   2.8;  716.07;   -7.9;   80.96;   -5.8;  -11.2;-999;eor
       5792;20171222;    3;  15.3;   7.3;    3;  11.4;   7;    0.000; 255;   8.0;   3.3;  716.27;   -7.5;   94.42;   -6.3;   -9.1;-999;eor
       5792;20171223;    3;  15.9;   7.7;    3;   0.0;   0;    7.400; 250;   2.3;   2.5;  717.17;   -8.0;   75.13;   -5.4;  -11.3;-999;eor
       5792;20171224;    3;  17.4;   8.5;    3;   0.0;   0;    8.433; 235;   0.3;   1.8;  716.47;   -3.9;   39.88;   -1.8;   -5.9;-999;eor
       5792;20171225;    3;  20.9;  11.2;    3;   0.0;   0;    8.400; 230;   0.7;   1.2;  711.86;   -1.0;   20.96;    0.9;   -3.3;-999;eor
       5792;20171226;    3;  31.8;  12.6;    3;   0.0;   0;    7.050; 230;   6.3;   2.2;  699.98;   -7.8;   67.00;   -3.1;  -10.7;-999;eor
       5792;20171227;    3;  35.4;  12.0;    3;   9.7;   7;    3.467; 225;   7.3;   2.5;  685.08;  -10.2;   87.63;   -8.8;  -15.0;-999;eor
       5792;20171228;    3;  24.5;   9.8;    3;  14.8;   7;    0.000; 230;   8.0;   1.4;  685.48;  -16.8;   87.58;  -14.9;  -19.7;-999;eor
       5792;20171229;    3;  32.2;  10.6;    3;  11.0;   7;    6.933; 240;   3.0;   1.4;  693.16;  -17.2;   84.75;  -10.7;  -21.0;-999;eor
       5792;20171230;    3;  33.2;  14.7;    3;  18.3;   7;    0.000; 255;   7.7;   3.2;  698.93;   -8.4;   91.04;   -3.4;  -15.2;-999;eor
       5792;20171231;    3;  32.5;  16.4;    3;   3.4;   7;    7.933; 270;   3.3;   2.5;  705.05;   -4.1;   60.00;    0.3;   -7.8;-999;eor
       5792;20180101;    3;  31.4;  11.8;    3;   5.3;   7;    2.133; 263;   6.0;   2.2;  698.43;  -10.2;   78.67;   -5.2;  -13.2;-999;eor
       5792;20180102;    3;  27.2;  11.5;    3;  14.2;   7;    0.067; 260;   6.7;   1.9;  698.88;  -13.4;   87.58;   -7.2;  -15.8;-999;eor
       5792;20180103;    3;  48.6;  18.3;    3;  14.4;   7;    0.017; 270;   8.0;   3.0;  694.87;   -8.8;   92.08;   -4.1;  -13.7;-999;eor
       5792;20180104;    3;  35.7;  15.8;    3;  39.5;   7;    0.000; 280;   8.0;   3.6;  694.91;   -7.0;   95.38;   -3.3;  -12.9;-999;eor
       5792;20180105;    3;  30.6;  13.6;    3;   0.0;   7;    4.567; 310;   6.7;   3.6;  698.36;   -5.0;   84.75;   -3.1;   -6.7;-999;eor
       5792;20180106;    3;  27.0;  13.7;    3;   0.0;   0;    8.167; 305;   3.7;   2.8;  700.52;   -5.9;   72.00;   -3.9;   -6.8;-999;eor
       5792;20180107;    3;  29.3;  11.4;    3;   0.0;   0;    0.000; 305;   7.0;   2.9;  707.02;   -5.8;   72.71;   -3.2;   -7.1;-999;eor
       5792;20180108;    3;  44.2;  14.7;    3;   0.0;   7;    3.767; 305;   3.7;   3.1;  709.18;   -6.1;   79.38;   -3.5;   -7.2;-999;eor
       5792;20180109;    3;  45.3;  16.7;    3;   2.5;   7;    5.817; 305;   5.0;   2.9;  704.37;   -7.4;   81.83;   -5.2;   -9.9;-999;eor
       5792;20180110;    3;  19.6;   5.5;    3;   0.0;   0;    8.350; 305;   4.3;   2.2;  701.38;   -9.7;   73.25;   -8.0;  -11.9;-999;eor
       5792;20180111;    3;  12.1;   3.1;    3;   6.5;   7;    0.000; 300;   8.0;   2.4;  701.07;  -10.9;   89.96;   -9.7;  -11.9;-999;eor
       5792;20180112;    3;  15.7;   7.0;    3;   0.0;   0;    8.350; 305;   2.7;   1.8;  705.63;  -11.1;   71.54;   -9.3;  -12.3;-999;eor
       5792;20180113;    3;   7.8;   3.5;    3;   0.0;   0;    8.767; 300;   0.3;   1.5;  706.10;   -8.2;   44.96;   -1.8;   -9.7;-999;eor
       5792;20180114;    3;  15.7;   6.5;    3;   0.0;   0;    7.900; 300;   2.7;   1.7;  703.21;  -11.5;   67.79;   -8.6;  -13.7;-999;eor
       5792;20180115;    3;  34.8;  11.0;    3;   1.6;   7;    5.667; 295;   3.0;   1.8;  701.36;  -12.0;   75.46;   -8.4;  -13.8;-999;eor
       5792;20180116;    3;  39.8;  17.7;    3;  28.5;   7;    0.050; 290;   8.0;   2.7;  691.93;   -9.7;   90.88;   -9.1;  -11.5;-999;eor
       5792;20180117;    3;  35.0;  10.9;    3;  24.0;   7;    0.000; 320;   8.0;   1.6;  689.85;  -15.7;   88.21;  -11.3;  -18.3;-999;eor
       5792;20180118;    3;  43.8;  18.3;    3;  20.3;   7;    0.100; 335;   8.0;   2.5;  695.56;  -10.9;   93.00;   -7.9;  -16.3;-999;eor
       5792;20180119;    3;  30.7;  10.6;    3;  32.6;   7;    0.250; 360;   8.0;   2.1;  695.97;  -12.9;   90.08;   -8.2;  -15.4;-999;eor
       5792;20180120;    3;  41.7;  16.1;    3;  29.8;   7;    1.117; 395;   8.0;   1.9;  693.30;  -13.7;   88.38;   -9.1;  -17.0;-999;eor
       5792;20180121;    3;  28.9;  10.8;    3;  26.4;   7;    0.017; 420;   7.3;   1.8;  695.41;  -14.4;   87.46;   -9.5;  -18.5;-999;eor
       5792;20180122;    3;  32.2;  13.0;    3;  45.5;   7;    0.000; 440;   8.0;   3.3;  700.27;   -7.3;   93.50;   -5.7;  -10.0;-999;eor
       5792;20180123;    3;  23.0;   8.9;    3;   4.5;   7;    5.133; 475;   4.3;   2.4;  709.19;   -9.8;   84.04;   -8.2;  -11.4;-999;eor
       5792;20180124;    3;  22.9;   9.5;    3;   0.0;   7;    7.133; 455;   7.3;   3.2;  713.73;   -4.4;   72.38;   -2.0;   -9.1;-999;eor
       5792;20180125;    3;  24.8;   9.4;    3;   0.0;   0;    5.433; 440;   7.3;   2.5;  709.09;   -4.0;   54.54;   -1.7;   -7.2;-999;eor
       5792;20180126;    3;  27.3;  11.8;    3;   0.0;   0;    3.200; 435;   4.3;   2.7;  706.54;   -6.7;   72.04;   -4.8;   -8.0;-999;eor
       5792;20180127;    3;  19.5;  10.1;    3;   0.0;   0;    9.033; 430;   2.7;   3.0;  713.92;   -6.2;   77.75;   -4.7;   -7.6;-999;eor
       5792;20180128;    3;  21.7;   9.4;    3;   0.0;   7;    0.100; 425;   7.0;   3.3;  718.99;   -6.0;   81.79;   -3.4;   -8.5;-999;eor
       5792;20180129;    3;  22.1;   8.2;    3;   0.0;   7;    9.450; 415;   1.0;   2.9;  717.72;   -4.2;   65.42;   -1.0;   -7.3;-999;eor
       5792;20180130;    3;  21.4;  10.2;    3;   0.0;   7;    7.833; 405;   5.0;   1.7;  713.25;   -6.2;   46.79;   -3.2;   -9.3;-999;eor
       5792;20180131;    3;  27.2;  13.2;    3;   0.0;   7;    5.950; 400;   3.0;   2.3;  704.80;   -5.6;   57.42;   -3.2;   -8.1;-999;eor
       5792;20180201;    3;  28.3;  10.3;    3;  11.6;   7;    0.000; 400;   8.0;   2.1;  692.59;  -12.6;   87.25;   -7.4;  -16.2;-999;eor
       5792;20180202;    3;  13.3;   5.9;    3;   0.2;   7;    5.367; 420;   5.7;   1.3;  692.15;  -16.7;   75.92;  -15.3;  -18.1;-999;eor
       5792;20180203;    3;   9.4;   4.3;    3;   1.8;   7;    0.067; 420;   8.0;   1.3;  690.51;  -17.8;   86.50;  -16.5;  -18.6;-999;eor
       5792;20180204;    3;  13.0;   4.1;    3;   0.0;   7;    1.217; 405;   5.7;   1.3;  695.53;  -17.5;   85.38;  -16.0;  -18.5;-999;eor
       5792;20180205;    3;  22.1;   9.8;    3;   0.1;   7;    6.033; 400;   5.7;   1.7;  701.16;  -13.1;   75.83;  -10.8;  -16.4;-999;eor
       5792;20180206;    3;  13.6;   6.7;    3;   0.0;   7;    5.750; 390;   6.0;   1.9;  698.53;  -10.4;   67.17;   -7.6;  -11.8;-999;eor
       5792;20180207;    3;   9.5;   3.5;    3;   1.1;   7;    1.933; 390;   7.3;   2.2;  695.57;  -11.3;   84.71;   -9.7;  -13.2;-999;eor
       5792;20180208;    3;  11.5;   2.5;    3;   0.1;   7;    6.883; 390;   4.3;   2.0;  698.86;  -12.3;   85.13;   -9.6;  -13.1;-999;eor
       5792;20180209;    3;  16.4;   5.6;    3;   0.3;   7;    9.433; 385;   1.7;   1.7;  698.72;  -13.1;   77.58;  -10.5;  -14.3;-999;eor
       5792;20180210;    3;   9.6;   2.9;    3;   0.2;   7;    5.100; 380;   3.0;   1.6;  697.83;  -15.0;   83.75;  -12.6;  -17.0;-999;eor
       5792;20180211;    3;  22.7;   8.4;    3;  11.2;   7;    1.400; 380;   6.0;   2.2;  695.57;  -11.0;   80.92;   -7.9;  -14.5;-999;eor
       5792;20180212;    3;  16.0;   5.6;    3;  11.3;   7;    0.183; 390;   8.0;   1.4;  695.24;  -17.7;   89.75;  -13.8;  -20.3;-999;eor
       5792;20180213;    3;  11.0;   4.5;    3;   0.0;   0;    9.917; 410;   0.7;   0.8;  694.16;  -19.8;   61.29;  -17.3;  -22.2;-999;eor
       5792;20180214;    3;  11.2;   6.1;    3;   0.0;   0;   10.167; 385;   0.3;   0.6;  696.00;  -19.3;   42.00;  -17.0;  -20.4;-999;eor
       5792;20180215;    3;  23.6;  10.6;    3;  29.1;   7;    0.050; 380;   7.7;   2.4;  703.40;   -9.0;   65.54;   -4.4;  -17.2;-999;eor
       5792;20180216;    3;  25.7;  10.9;    3;  11.5;   7;    0.000; 400;   8.0;   3.6;  708.80;   -6.5;   96.50;   -4.4;   -8.2;-999;eor
       5792;20180217;    3;  27.3;  12.4;    3;   5.1;   7;    1.383; 400;   7.3;   3.3;  704.65;   -7.0;   91.38;   -4.8;  -11.5;-999;eor
       5792;20180218;    3;  17.8;   5.6;    3;   0.0;   7;    8.633; 400;   4.3;   1.9;  703.40;  -13.1;   83.88;  -11.4;  -14.1;-999;eor
       5792;20180219;    3;  12.7;   5.4;    3;   0.0;   0;    9.850; 395;   3.0;   1.7;  699.30;  -12.7;   70.04;   -8.0;  -16.1;-999;eor
       5792;20180220;    3;  11.5;   4.0;    3;   1.2;   7;    3.700; 390;   6.7;   1.3;  694.55;  -16.2;   73.71;  -12.8;  -18.7;-999;eor
       5792;20180221;    3;  22.1;   8.9;    3;   1.2;   7;    6.583; 390;   6.0;   1.4;  695.49;  -16.7;   85.92;  -14.6;  -19.1;-999;eor
       5792;20180222;    3;  21.3;  10.6;    3;   0.0;   0;    5.283; 390;   6.0;   1.8;  694.08;  -13.8;   86.17;  -12.4;  -15.8;-999;eor
       5792;20180223;    3;  20.3;   9.3;    3;   0.0;   0;    8.917; 390;   5.0;   2.2;  696.48;  -10.3;   76.79;   -7.7;  -13.0;-999;eor
       5792;20180224;    3;  11.1;   4.3;    3;   0.0;   0;   10.817; 385;   1.7;   2.2;  699.47;   -7.4;   62.50;   -4.8;  -11.1;-999;eor
       5792;20180225;    3;  13.6;   4.8;    3;   0.0;   0;   10.417; 385;   1.3;   0.4;  694.12;  -19.0;   30.42;  -11.0;  -26.8;-999;eor
       5792;20180226;    3;  19.1;   6.7;    3;   0.0;   0;    9.833; 380;   2.7;   0.4;  687.80;  -27.8;   59.29;  -26.3;  -30.5;-999;eor
       5792;20180227;    3;  17.1;   6.4;    3;   0.0;   0;    8.950; 380;   5.7;   0.5;  685.37;  -26.5;   76.25;  -24.0;  -28.9;-999;eor
       5792;20180228;    3;  18.5;   6.2;    3;   0.0;   7;   10.167; 380;   3.3;   0.6;  690.00;  -19.8;   47.63;  -11.5;  -25.1;-999;eor
       5792;20180301;    3;  17.4;   8.2;    3;   0.5;   7;    2.333; 380;   7.3;   2.9;  691.63;   -7.9;   84.71;   -4.8;  -12.7;-999;eor
       5792;20180302;    3;  25.0;  10.4;    3;   1.6;   7;    5.400; 380;   5.0;   2.9;  687.80;   -7.3;   81.17;   -4.4;  -13.8;-999;eor
       5792;20180303;    3;  22.0;   9.1;    3;   3.3;   7;    4.450; 380;   6.7;   1.8;  688.70;  -10.2;   64.29;   -6.3;  -14.0;-999;eor
       5792;20180304;    3;  22.6;  10.2;    3;   0.3;   7;   10.550; 380;   3.0;   1.9;  692.62;   -8.6;   63.13;   -5.2;  -11.8;-999;eor
       5792;20180305;    3;  17.5;   7.1;    3;   1.1;   7;    5.667; 380;   7.3;   2.6;  689.80;   -8.9;   83.00;   -7.1;  -10.6;-999;eor
       5792;20180306;    3;  14.6;   5.4;    3;   7.3;   7;    0.000; 375;   7.7;   2.5;  685.50;  -10.3;   90.54;   -8.5;  -11.9;-999;eor
       5792;20180307;    3;  19.9;   6.8;    3;  11.6;   7;    0.000; 380;   8.0;   2.3;  689.72;  -11.5;   89.79;   -8.2;  -13.6;-999;eor
       5792;20180308;    3;  24.4;  11.9;    3;   0.3;   7;    7.300; 385;   6.3;   1.6;  695.93;  -12.2;   68.96;   -9.6;  -14.1;-999;eor
       5792;20180309;    3;  29.1;  14.7;    3;   0.0;   7;    0.233; 375;   7.3;   3.2;  701.18;   -7.2;   86.50;   -3.7;  -11.4;-999;eor
       5792;20180310;    3;  26.0;  11.1;    3;   2.1;   7;    0.000; 375;   7.7;   4.0;  701.56;   -4.0;   88.63;   -2.5;   -4.9;-999;eor
       5792;20180311;    3;  28.6;  10.3;    3;   0.3;   7;    0.733; 375;   6.7;   3.7;  696.77;   -4.3;   83.71;   -2.2;   -5.6;-999;eor
       5792;20180312;    3;  26.1;  10.3;    3;   5.8;   7;    3.183; 375;   7.7;   3.2;  693.13;   -7.6;   93.17;   -5.5;   -9.5;-999;eor
       5792;20180313;    3;  24.7;   9.7;    3;  10.8;   7;    4.083; 380;   6.7;   2.6;  697.03;  -10.1;   91.00;   -9.0;  -11.8;-999;eor
       5792;20180314;    3;  17.2;   7.9;    3;   0.0;   7;    5.400; 390;   5.3;   2.3;  699.25;  -10.4;   83.71;   -8.5;  -12.2;-999;eor
       5792;20180315;    3;  30.1;   8.9;    3;  12.5;   7;    3.150; 380;   6.7;   2.2;  694.05;   -6.7;   58.92;   -4.3;   -9.9;-999;eor
       5792;20180316;    3;  17.7;   6.9;    3;   0.1;   7;    2.433; 390;   7.3;   2.8;  694.07;   -9.4;   91.42;   -7.6;  -11.6;-999;eor
       5792;20180317;    3;  17.4;   7.7;    3;   2.1;   7;    4.967; 390;   7.0;   2.8;  688.63;   -8.9;   88.54;   -6.8;  -10.3;-999;eor
       5792;20180318;    3;  12.5;   6.0;    3;   1.8;   7;    6.217; 390;   7.3;   2.5;  688.16;  -10.0;   88.33;   -7.4;  -11.7;-999;eor
       5792;20180319;    3;  10.9;   4.0;    3;   5.7;   7;    0.050; 390;   8.0;   2.0;  690.12;  -12.7;   88.42;  -11.4;  -14.8;-999;eor
       5792;20180320;    3;  13.1;   5.3;    3;   3.9;   7;    6.283; 395;   5.0;   1.4;  693.70;  -17.1;   81.00;  -14.0;  -22.2;-999;eor
       5792;20180321;    3;  13.6;   4.6;    3;   4.0;   7;    5.600; 395;   5.3;   1.1;  700.75;  -17.4;   70.25;  -13.8;  -19.5;-999;eor
       5792;20180322;    3;  14.6;   6.8;    3;   7.5;   7;    8.067; 395;   5.3;   1.1;  699.57;  -14.7;   58.58;  -11.0;  -16.3;-999;eor
       5792;20180323;    3;  13.0;   5.4;    3;   1.1;   7;    2.817; 420;   7.7;   1.9;  693.73;  -13.7;   86.67;   -7.4;  -15.6;-999;eor
       5792;20180324;    3;   9.9;   4.5;    3;   0.0;   0;   12.417; 415;   2.0;   1.1;  692.01;   -9.4;   39.17;   -4.6;  -14.5;-999;eor
       5792;20180325;    3;   9.4;   2.8;    3;   0.5;   7;    9.300; 410;   5.3;   1.9;  696.37;   -8.9;   59.88;   -5.9;  -10.9;-999;eor
       5792;20180326;    3;  12.1;   5.2;    3;  11.2;   7;    0.000; 405;   8.0;   2.4;  699.57;  -11.0;   90.17;  -10.0;  -12.4;-999;eor
       5792;20180327;    3;  25.4;   8.6;    3;  22.6;   7;    1.800; 415;   7.7;   2.2;  699.84;  -12.2;   89.17;   -8.8;  -13.7;-999;eor
       5792;20180328;    3;  33.1;  14.2;    3;   7.5;   7;    0.133; 425;   8.0;   3.5;  698.20;   -7.1;   96.29;   -5.2;   -9.0;-999;eor
       5792;20180329;    3;  21.2;   8.3;    3;   3.9;   7;    1.783; 430;   8.0;   3.1;  697.15;   -8.3;   94.04;   -5.9;  -10.1;-999;eor
       5792;20180330;    3;  29.7;  10.8;    3;   2.5;   7;    5.083; 435;   5.3;   3.2;  695.79;   -7.3;   91.38;   -6.0;   -8.9;-999;eor
       5792;20180331;    3;  16.9;   6.1;    3;  16.5;   7;    3.967; 425;   7.7;   2.8;  690.88;   -9.2;   91.46;   -6.0;  -12.8;-999;eor
       5792;20180401;    3;  24.1;  10.1;    3;   7.0;   7;    0.350; 440;   8.0;   2.2;  696.42;  -12.5;   94.00;  -11.6;  -13.7;-999;eor
       5792;20180402;    3;  24.3;  13.0;    3;   0.0;   0;    9.283; 440;   4.3;   2.5;  702.17;   -7.6;   68.46;   -2.4;  -14.3;-999;eor
       5792;20180403;    3;  32.5;  13.0;    3;   0.0;   0;    6.833; 435;   7.0;   3.7;  703.73;   -3.2;   75.92;   -1.2;   -5.4;-999;eor
       5792;20180404;    3;  36.9;  13.3;    3;   0.5;   7;    8.417; 425;   6.7;   3.6;  702.61;   -3.7;   77.63;   -1.8;   -6.2;-999;eor
       5792;20180405;    3;  21.3;   8.0;    3;   6.3;   7;    1.883; 425;   7.3;   3.3;  704.38;   -7.6;   94.04;   -6.2;  -11.3;-999;eor
       5792;20180406;    3;  12.5;   6.1;    3;   0.0;   0;   13.133; 425;   3.3;   1.0;  709.47;   -2.9;   25.58;    1.8;  -12.2;-999;eor
       5792;20180407;    3;  13.7;   3.2;    3;   0.0;   0;   13.100; 420;   0.0;   2.0;  709.65;    1.4;   30.29;    6.3;   -1.1;-999;eor
       5792;20180408;    3;  20.6;   9.0;    3;   0.0;   0;   12.183; 415;   2.0;   3.1;  706.61;    0.4;   49.29;    1.8;   -0.9;-999;eor
       5792;20180409;    3;  19.3;   7.5;    3;   0.0;   0;    0.683; 415;   7.0;   3.0;  703.10;   -1.8;   57.17;    1.6;   -4.5;-999;eor
       5792;20180410;    3;  17.4;   6.5;    3;   0.0;   0;    9.067; 410;   6.0;   3.5;  700.18;   -3.7;   76.13;   -0.8;   -6.6;-999;eor
       5792;20180411;    3;  27.9;   9.0;    3;   0.0;   0;    9.067; 410;   4.0;   2.9;  699.77;   -5.4;   70.83;   -3.5;   -8.9;-999;eor
       5792;20180412;    3;  38.2;  14.9;    3;   1.3;   7;    7.700; 405;   6.0;   3.4;  698.17;   -4.8;   79.13;   -3.6;   -5.7;-999;eor
       5792;20180413;    3;  26.6;   7.9;    3;   0.0;   7;    6.200; 405;   7.0;   3.1;  702.52;   -5.8;   77.13;   -3.9;   -7.9;-999;eor
       5792;20180414;    3;  15.9;   6.5;    3;   0.0;   0;   11.867; 405;   5.0;   2.7;  710.78;   -2.1;   51.50;    1.9;   -6.6;-999;eor
       5792;20180415;    3;  17.4;   7.2;    3;   7.2;   7;    2.317; 400;   7.7;   3.6;  707.94;   -0.8;   63.75;    0.9;   -2.8;-999;eor
       5792;20180416;    3;   8.2;   3.4;    3;   6.5;   7;    0.000; 400;   8.0;   4.7;  707.64;   -3.1;   96.88;   -2.2;   -4.2;-999;eor
       5792;20180417;    3;   7.4;   2.7;    3;   0.0;   0;    7.450; 405;   7.3;   4.4;  715.64;   -3.3;   92.29;   -0.9;   -4.6;-999;eor
       5792;20180418;    3;  22.5;   8.8;    3;   0.0;   0;   13.650; 400;   2.0;   2.2;  720.77;   -0.5;   37.17;    1.6;   -3.3;-999;eor
       5792;20180419;    3;  14.6;   6.8;    3;   0.0;   0;   13.583; 400;   0.7;   2.7;  721.45;    3.5;   34.58;    7.2;    0.4;-999;eor
       5792;20180420;    3;  13.9;   5.3;    3;   0.0;   0;   13.667; 400;   2.3;   2.6;  719.89;    4.9;   30.54;    8.2;    2.5;-999;eor
       5792;20180421;    3;   6.2;   2.1;    3;   0.0;   0;   12.850; 390;   3.3;   4.8;  716.93;    4.0;   59.04;    8.1;    1.1;-999;eor
       5792;20180422;    3;   9.1;   3.9;    3;   0.0;   0;   11.983; 380;   2.3;   5.2;  714.37;    2.2;   72.50;    6.6;    0.6;-999;eor
       5792;20180423;    3;  19.0;   4.6;    3;   3.0;   7;    6.500; 375;   7.3;   5.5;  713.27;    0.7;   86.54;    3.9;   -1.7;-999;eor
       5792;20180424;    3;  18.6;   6.7;    3;   0.0;   0;   10.850; 370;   4.3;   4.5;  712.53;   -0.7;   78.21;    1.6;   -3.6;-999;eor
       5792;20180425;    3;  21.6;   8.9;    3;   2.2;   7;   12.083; 365;   4.7;   4.2;  710.83;    0.9;   65.08;    3.0;   -0.8;-999;eor
       5792;20180426;    3;  21.1;   8.6;    3;   0.0;   0;    4.300; 365;   7.3;   4.4;  708.31;   -4.3;   97.92;   -0.4;   -7.4;-999;eor
       5792;20180427;    3;  28.0;  11.1;    3;   0.0;   0;   12.383; 365;   5.0;   4.7;  707.91;   -0.4;   78.38;    3.6;   -7.2;-999;eor
       5792;20180428;    3;  19.9;   7.4;    3;   0.0;   0;   12.133; 360;   4.3;   4.7;  709.07;    1.0;   70.75;    5.0;   -0.8;-999;eor
       5792;20180429;    3;  35.8;  12.5;    3;   0.1;   7;    9.583; 360;   4.7;   5.1;  705.93;    0.6;   80.00;    3.1;   -1.3;-999;eor
       5792;20180430;    3;  27.9;  10.0;    3;   0.0;   7;    8.233; 350;   5.3;   4.6;  701.75;   -2.6;   91.13;   -1.0;   -4.6;-999;eor
       5792;20180501;    3;  14.7;   7.9;    3;   0.0;   7;    3.283; 350;   8.0;   4.2;  703.70;   -4.4;   93.92;   -2.8;   -5.4;-999;eor
       5792;20180502;    3;  18.6;  10.4;    3;   0.1;   7;    3.717; 350;   7.0;   4.9;  704.44;   -2.1;   93.67;   -0.4;   -4.6;-999;eor
       5792;20180503;    3;  15.3;   8.4;    3;   0.0;   0;    7.267; 345;   7.0;   5.7;  706.63;   -0.6;   96.75;    1.2;   -1.9;-999;eor
       5792;20180504;    3;  18.5;   8.5;    3;   0.0;   0;    3.467; 340;   6.3;   6.1;  709.95;    0.2;   99.04;    1.6;   -1.0;-999;eor
       5792;20180505;    3;  17.2;   8.1;    3;   0.0;   6;    5.717; 335;   6.0;   6.1;  713.54;    1.2;   90.96;    3.0;   -1.1;-999;eor
       5792;20180506;    3;  10.8;   3.4;    3;   0.0;   0;   14.367; 330;   1.3;   5.0;  714.66;    2.2;   70.17;    5.6;   -0.3;-999;eor
       5792;20180507;    3;  14.6;   5.3;    3;   0.7;   7;   10.050; 325;   2.7;   5.3;  711.96;    1.7;   77.25;    4.7;    0.1;-999;eor
       5792;20180508;    3;   8.8;   3.0;    3;   0.0;   0;   10.883; 320;   3.7;   4.5;  707.62;    0.7;   70.17;    3.2;   -1.4;-999;eor
       5792;20180509;    3;  11.0;   4.0;    3;   2.8;   7;    5.550; 315;   5.7;   4.4;  703.77;   -2.2;   84.88;   -0.5;   -3.8;-999;eor
       5792;20180510;    3;  15.3;   5.1;    3;  11.9;   7;    3.517; 315;   7.3;   5.2;  706.98;   -1.5;   94.46;    2.0;   -3.2;-999;eor
       5792;20180511;    3;  12.0;   4.3;    3;   0.2;   7;    9.133; 315;   3.3;   5.3;  711.70;   -0.1;   87.83;    3.7;   -3.1;-999;eor
       5792;20180512;    3;  12.8;   4.9;    3;   0.1;   8;    5.150; 310;   5.3;   6.1;  711.06;    1.3;   90.25;    4.4;   -0.7;-999;eor
       5792;20180513;    3;  16.1;   5.8;    3;   0.0;   7;    8.417; 305;   4.3;   5.8;  706.61;    1.2;   86.38;    3.5;   -1.8;-999;eor
       5792;20180514;    3;  17.9;   6.8;    3;  38.8;   8;    6.517; 300;   5.7;   5.3;  703.88;   -0.8;   91.33;    2.2;   -2.5;-999;eor
       5792;20180515;    3;  13.7;   4.0;    3;  24.7;   7;    0.500; 310;   8.0;   4.4;  703.74;   -4.1;   97.88;   -2.2;   -5.7;-999;eor
       5792;20180516;    3;  14.5;   5.9;    3;  17.5;   7;    0.000; 323;   8.0;   4.3;  705.52;   -4.4;   96.42;   -3.3;   -5.2;-999;eor
       5792;20180517;    3;  10.9;   3.8;    3;   6.9;   7;    0.333; 343;   8.0;   4.5;  708.62;   -3.6;   96.17;   -2.3;   -5.0;-999;eor
       5792;20180518;    3;  10.5;   3.2;    3;  10.6;   7;    5.517; 343;   7.0;   4.5;  711.11;   -3.0;   90.25;    0.3;   -5.3;-999;eor
       5792;20180519;    1;   8.0;   2.9;    3;   1.8;   7;    6.167; 345;   6.0;   4.7;  710.91;   -2.0;   89.50;    1.5;   -3.7;-999;eor
       5792;20180520;    1;  17.0;   5.7;    1;   1.0;   8;    5.300; 345;   7.7;   5.4;  711.15;   -0.9;   94.17;    2.0;   -2.5;-999;eor
       5792;20180521;    1;  14.9;   4.9;    1;   2.6;   7;    9.500; 340;   4.7;   5.2;  710.30;   -0.1;   85.92;    2.5;   -2.6;-999;eor
       5792;20180522;    1;  10.2;   3.6;    1;   0.1;   7;    6.583; 330;   7.0;   5.5;  709.58;    0.6;   85.88;    2.7;   -0.6;-999;eor
       5792;20180523;    1;  10.3;   3.4;    1;   2.1;   7;    5.350; 325;   6.3;   5.9;  712.43;    1.4;   86.92;    5.1;   -1.0;-999;eor
       5792;20180524;    1;   8.3;   2.9;    1;   4.8;   7;    4.100; 320;   7.3;   6.2;  713.68;    1.5;   90.92;    5.5;   -0.1;-999;eor
       5792;20180525;    1;  10.6;   3.3;    1;   1.9;   8;    9.133; 315;   4.3;   6.3;  714.80;    1.8;   91.25;    5.7;   -0.9;-999;eor
       5792;20180526;    1;  10.3;   4.5;    1;   0.0;   0;   10.817; 310;   5.7;  -999;  717.46;    3.9;-999;    6.7;    1.5;-999;eor
       5792;20180527;    1;  13.0;   3.3;    1;  10.5;   8;    6.550; 300;   6.7;  -999;  717.11;    4.7;-999;    7.9;    2.9;-999;eor
       5792;20180528;    1;  17.5;   5.1;    1;   0.0;   0;    9.633; 295;   6.3;  -999;  715.96;    4.7;-999;    7.8;    2.7;-999;eor
       5792;20180529;    1;  15.6;   6.6;    1;   0.0;   6;    3.117; 290;   5.7;  -999;  713.96;    4.4;-999;    7.2;    2.2;-999;eor
       5792;20180530;    1;  15.0;   6.4;    1;   4.8;   8;    8.533; 285;   5.0;   6.9;  714.28;    4.5;   81.50;    7.5;    1.7;-999;eor
       5792;20180531;    1;  12.3;   5.5;    1;   5.9;   8;    8.083; 280;   6.7;   6.8;  714.41;    4.9;   79.00;    8.3;    2.1;-999;eor
       5792;20180601;    1;   7.3;   3.0;    1;   1.0;   4;    1.000; 275;   7.7;   7.0;  715.12;    2.6;   94.75;    4.7;    1.0;-999;eor
       5792;20180602;    1;   7.6;   2.4;    1;   7.7;   4;    5.367; 270;   5.9;   6.3;  715.50;    2.7;   85.00;    6.6;    1.2;-999;eor
       5792;20180603;    1;  10.9;   4.4;    1;   0.0;   0;   12.883; 265;   4.8;   6.0;  715.03;    4.5;   71.08;    8.2;    1.0;-999;eor
       5792;20180604;    1;  14.6;   4.5;    1;   0.5;   4;    8.500; 260;  -999;   6.9;  711.32;    4.6;   81.08;    7.9;    2.3;-999;eor
       5792;20180605;    1;  13.5;   4.0;    1;   0.0;   4;    4.050; 255;  -999;   7.3;  710.55;    3.7;   91.33;    7.8;    2.2;-999;eor
       5792;20180606;    1;  10.9;   4.0;    1;   6.0;   4;    6.250; 345;   7.2;   6.8;  712.31;    4.3;   81.38;    6.9;    2.8;-999;eor
       5792;20180607;    1;  10.1;   3.4;    1;   0.1;   4;    1.300; 240;   7.9;   7.4;  713.79;    4.5;   87.21;    7.0;    2.8;-999;eor
       5792;20180608;    1;  16.0;   4.9;    1;   0.0;   0;    7.067; 235;   7.8;   7.1;  711.92;    4.3;   85.25;    6.5;    2.6;-999;eor
       5792;20180609;    1;  14.9;   3.2;    1;  12.3;   4;    5.983; 225;   5.6;   7.5;  712.32;    4.4;   88.79;    7.9;    2.1;-999;eor
       5792;20180610;    1;  11.2;   5.1;    1;   1.7;   4;    4.583; 215;   7.3;   7.9;  713.38;    4.6;   92.83;    7.1;    3.0;-999;eor
       5792;20180611;    1;  22.2;   7.1;    1;   2.4;   4;    8.050; 205;   5.8;   7.8;  712.21;    5.9;   84.17;    8.4;    3.8;-999;eor
       5792;20180612;    1;  20.2;   5.8;    1;  22.7;   4;    4.650; 200;   7.0;   7.2;  708.46;    3.4;   91.88;    6.8;    0.7;-999;eor
       5792;20180613;    1;  10.4;   3.6;    1;  16.9;   4;    0.000; 195;   8.0;   5.8;  706.74;   -0.5;   98.29;    1.3;   -3.1;-999;eor
       5792;20180614;    1;   9.8;   3.3;    1;   0.0;   4;   12.900; 195;  -999;   4.4;  709.52;   -1.1;   77.79;    2.1;   -4.9;-999;eor
       5792;20180615;    1;   9.9;   3.3;    1;   0.0;   0;   12.650; 190;   3.0;   3.5;  711.57;    0.4;   55.33;    4.2;   -5.2;-999;eor
       5792;20180616;    1;   9.0;   3.1;    1;   0.0;   0;   10.083; 180;   4.6;   4.5;  712.66;    2.2;   62.13;    5.9;    0.5;-999;eor
       5792;20180617;    1;  10.9;   3.2;    1;  16.1;   4;    1.800; 180;   7.5;   6.2;  714.54;    1.7;   89.08;    4.8;   -0.8;-999;eor
       5792;20180618;    1;  11.1;   3.3;    1;   0.5;   4;    0.867; 175;   8.0;   6.5;  716.85;    1.1;   98.21;    2.3;   -0.2;-999;eor
